Commit Id	Time	Total LOC	LOC added	LOC removed	Files affected	Files added	Files removed
22f67f85854	8	53	51	2	2	1	0
cda1a384260	11	16	7	9	2	0	0
57642e23497	8	53	51	2	2	1	0
6034701f573	8	33	22	11	2	0	0
de1521413ef	1	111	75	36	3	0	0
a2714be8b5c	21	48	36	12	3	0	0
b1b84960ced	20	57	29	28	19	0	0
49cd1bbf842	6	12	7	5	2	0	0
73266cb486c	7	17	17	0	2	0	0
947c577c0d2	3	28	27	1	2	0	0
