Commit Id	Time	Total LOC	LOC added	LOC removed	Files affected	Files added	Files removed	Commit Msg
cdbecc48a13	21	55	51	4	1	0	0	46
103990b6404	20	25	18	7	2	0	0	12
584ae7b0847	22	184	23	161	4	0	1	29
24a1f6ecc50	23	2	2	0	2	0	0	47
48dcb905f6c	4	155	79	76	9	0	0	24
915fa1e44fa	22	160	79	81	1	0	0	25
2b929c7f194	22	1080	411	669	2	0	0	27
2a65d296257	18	124	112	12	2	1	0	35
634e7236f74	7	35	35	0	3	1	0	17
2b03ba59177	10	16	7	9	2	0	0	53
8d37f80f4b5	0	21	15	6	2	0	0	39
936a038bb76	17	53	53	0	2	1	0	381
cc1d61cbb3a	17	53	53	0	2	1	0	381
3214116be6b	5	73	71	2	3	1	0	106
16cb45103f2	0	11	11	0	1	0	0	69
f62979da6b8	0	69	69	0	3	1	0	13
fe3d8f24112	19	7	7	0	3	0	0	19
c05b5d8b59b	8	41	38	3	3	2	0	124
