Commit Id	Time	Total LOC	LOC added	LOC removed	Files affected	Files added	Files removed	Commit Msg
899fffa395a	22	20400	12128	8272	64	33	30	926
78fac9b8637	15	10	10	0	2	0	0	32
50443f08e0f	15	10	10	0	2	0	0	32
cf909e8725f	16	22	18	4	1	0	0	75
758f12f34c2	23	205	201	4	3	2	0	142
8d5e05668bf	21	97	97	0	2	1	0	128
fd3cd755d15	0	154	107	47	3	0	0	373
e07f5682308	0	1	1	0	1	0	0	55
67f7fe5e5c2	11	6	6	0	0	0	0	175
374300ca8d1	17	31	21	10	3	0	0	57
5c602b750a6	1	475	358	117	2	0	0	103
20d5963fae3	2	149	149	0	3	1	0	65
b57d946184e	0	161	161	0	4	1	0	83
860fcf23f40	1	4	2	2	1	0	0	52
3bb7ad6fea4	16	62	41	21	2	0	0	53
6eb8bbc6400	22	2	2	0	0	0	0	72
752da03eb03	21	34	20	14	0	0	0	91
87077e03cce	21	7	5	2	0	0	0	46
