53a9869ff7f	11	4	2	2	1	0	0
fea6f829bf6	11	41	40	1	2	1	0
4274e6b7d0f	07	113	70	43	3	1	1
50148022d16	07	96	63	33	3	0	0
df07a713bda	20	37	37	0	2	2	0
8f59cccb759	21	4	2	2	1	0	0
80ace36e4cb	22	15	15	0	1	0	0
7a755e04a94	04	2	1	1	1	0	0
971f43d63bc	22	37	16	21	1	0	0
87d92f619a9	21	2	1	1	1	0	0
7f652b63a95	20	77	20	57	1	0	0
e6c5ac4f73f	13	2	1	1	1	0	0
