Commit Id	Time	Total LOC	LOC added	LOC removed	Files affected	Files added	Files removed	Commit Msg
2f9722cca0a	23	427	427	0	2	2	0	17
4a615ddd9c2	23	16	16	0	1	0	0	6
f65b36eec1e	23	83	11	72	1	0	0	5
45263085602	0	152	79	73	2	0	0	15
3b8e47755a1	21	13	11	2	1	0	0	48
c2454a0d067	22	4	2	2	1	0	0	11
6301f18e62e	23	10	7	3	1	0	0	35
0ea2f9e04b4	22	4	2	2	1	0	0	9
4dcdfaf9291	15	100	62	38	10	6	0	26
7342fecaec2	7	26	17	9	1	0	0	46
d6fe7fb4c3f	7	67	67	0	1	0	0	4
7ff04c1f86d	7	1189	1189	0	5	4	0	40
2b3d9e4ad07	5	584	76	508	11	0	1	55
b21056d63a8	20	30	17	13	1	0	0	18
988174a6294	20	27	27	0	1	1	0	5
b3349eb33ab	20	6	4	2	1	0	0	5
45f54024466	23	2	1	1	1	0	0	17
2f9722cca0a	23	427	427	0	2	2	0	17
4a615ddd9c2	23	16	16	0	1	0	0	6
f65b36eec1e	23	83	11	72	1	0	0	5
45263085602	0	152	79	73	2	0	0	15
3b8e47755a1	21	13	11	2	1	0	0	48
c2454a0d067	22	4	2	2	1	0	0	11
6301f18e62e	23	10	7	3	1	0	0	35
0ea2f9e04b4	22	4	2	2	1	0	0	9
4dcdfaf9291	15	100	62	38	10	6	0	26
7342fecaec2	7	26	17	9	1	0	0	46
d6fe7fb4c3f	7	67	67	0	1	0	0	4
7ff04c1f86d	7	1189	1189	0	5	4	0	40
2b3d9e4ad07	5	584	76	508	11	0	1	55
b21056d63a8	20	30	17	13	1	0	0	18
988174a6294	20	27	27	0	1	1	0	5
b3349eb33ab	20	6	4	2	1	0	0	5
