Commit Id	Time	Total LOC	LOC added	LOC removed	Files affected	Files added	Files removed	Commit Msg
3847add9436	8	26	13	13	1	0	0	7
3c97a4391af	8	42	24	18	1	0	0	7
84277ea8454	5	10	9	1	2	0	0	7
dc1f4ebd447	10	809	809	0	4	3	0	4
96df65e88e0	1	9	5	4	1	0	0	4
7a34afba773	17	10	8	2	1	0	0	3
0d5a1fed331	3	2	1	1	1	0	0	11
3847add9436	8	26	13	13	1	0	0	7
3c97a4391af	8	42	24	18	1	0	0	7
84277ea8454	5	10	9	1	2	0	0	7
dc1f4ebd447	10	809	809	0	4	3	0	4
96df65e88e0	1	9	5	4	1	0	0	4
7a34afba773	17	10	8	2	1	0	0	3
