Commit Id	Time	Total LOC	LOC added	LOC removed	Files affected	Files added	Files removed	Commit Msg
5b1a535cd89	15	158	145	13	4	1	0	5
fb3a9cd0d8e	23	1248	1232	16	4	2	0	5
c55c0a1fca6	0	119	119	0	4	4	0	3
c9f71a807c1	17	24	22	2	1	0	0	3
45b8d24ea60	19	9	9	0	1	0	0	4
80174392bbc	20	1697	1664	33	6	1	0	10
fbad5dc0621	5	6	3	3	1	0	0	3
e4a6b72ae35	18	191	109	82	2	0	0	7
3510669db23	19	12	7	5	2	0	0	6
1a317135c5d	22	206	200	6	5	2	0	3
afce4c3ae8e	20	3791	3780	11	5	0	0	12
b6dda612495	2	755	743	12	9	4	0	3
5b1a535cd89	15	158	145	13	4	1	0	5
fb3a9cd0d8e	23	1248	1232	16	4	2	0	5
c55c0a1fca6	0	119	119	0	4	4	0	3
c9f71a807c1	17	24	22	2	1	0	0	3
45b8d24ea60	19	9	9	0	1	0	0	4
80174392bbc	20	1697	1664	33	6	1	0	10
fbad5dc0621	5	6	3	3	1	0	0	3
e4a6b72ae35	18	191	109	82	2	0	0	7
3510669db23	19	12	7	5	2	0	0	6
1a317135c5d	22	206	200	6	5	2	0	3
afce4c3ae8e	20	3791	3780	11	5	0	0	12
