Commit Id	Time	Total LOC	LOC added	LOC removed	Files affected	Files added	Files removed	Commit Msg
35589528992	16	28	8	20	1	0	0	13
732c6f2036a	17	8	6	2	2	0	0	17
6c68a9679b7	0	33	31	2	2	0	0	17
fd184ee2fa5	20	12	6	6	2	0	0	7
e33c66654ab	16	209	131	78	2	0	0	11
3aca908db3b	17	11	5	6	2	0	0	24
6115df63383	7	364	124	240	13	2	3	33
68af59ef6b9	4	2	1	1	1	0	0	4
179f718d62c	19	4455	2165	2290	5	1	4	11
7af9cb9e80c	15	2	1	1	1	0	0	72
ff56d6364eb	16	2	1	1	1	0	0	12
62d9852c3d6	16	172	115	57	8	0	0	13
60de86351ac	13	12	12	0	1	0	0	3
61308a5bff0	13	2	2	0	1	0	0	14
8f79169aef6	12	18	0	18	1	0	0	4
c07c601c3b8	5	68	38	30	4	0	0	16
7f5320b1673	19	5	5	0	1	0	0	7
b480184fd66	21	7	6	1	1	0	0	18
81a53e83ab4	1	7	5	2	1	0	0	7
845df3cd2ef	7	6	5	1	1	0	0	6
b09c5889bee	10	279	268	11	3	1	0	28
d2f5094096b	18	2	1	1	1	0	0	8
35589528992	16	28	8	20	1	0	0	13
732c6f2036a	17	8	6	2	2	0	0	17
6c68a9679b7	0	33	31	2	2	0	0	17
fd184ee2fa5	20	12	6	6	2	0	0	7
e33c66654ab	16	209	131	78	2	0	0	11
3aca908db3b	17	11	5	6	2	0	0	24
6115df63383	7	364	124	240	13	2	3	33
68af59ef6b9	4	2	1	1	1	0	0	4
179f718d62c	19	4455	2165	2290	5	1	4	11
7af9cb9e80c	15	2	1	1	1	0	0	72
ff56d6364eb	16	2	1	1	1	0	0	12
62d9852c3d6	16	172	115	57	8	0	0	13
60de86351ac	13	12	12	0	1	0	0	3
61308a5bff0	13	2	2	0	1	0	0	14
8f79169aef6	12	18	0	18	1	0	0	4
c07c601c3b8	5	68	38	30	4	0	0	16
7f5320b1673	19	5	5	0	1	0	0	7
b480184fd66	21	7	6	1	1	0	0	18
81a53e83ab4	1	7	5	2	1	0	0	7
845df3cd2ef	7	6	5	1	1	0	0	6
b09c5889bee	10	279	268	11	3	1	0	28
