Commit Id	Time	Total LOC	LOC added	LOC removed	Files affected	Files added	Files removed
8032a210250	20	93	72	21	1	0	0
70dafa7b624	18	13	13	0	2	0	0
e17c5a72b23	5	43	32	11	2	0	0
2ff29cc7e35	5	28	8	20	1	0	0
13a992b1c2e	18	6	3	3	1	0	0
743a009bad6	21	92	40	52	2	0	0
2fd7ee12d9e	23	42	40	2	2	1	0
aab126bb060	23	3	3	0	1	0	0
bae019f1824	23	77	77	0	1	1	0
832ec1cd507	21	68	68	0	2	1	0
96b166f291e	21	5	3	2	1	0	0
e2f2a202791	21	6	3	3	1	0	0
