Commit Id	Time	Total LOC	LOC added	LOC removed	Files affected	Files added	Files removed
845df3cd2ef	7	6	5	1	1	0	0
81a53e83ab4	1	7	5	2	1	0	0
b480184fd66	21	7	6	1	1	0	0
7f5320b1673	19	5	5	0	1	0	0
c07c601c3b8	5	68	38	30	4	0	0
8f79169aef6	12	18	0	18	1	0	0
61308a5bff0	13	2	2	0	1	0	0
60de86351ac	13	12	12	0	1	0	0
62d9852c3d6	16	172	115	57	8	0	0
ff56d6364eb	16	2	1	1	1	0	0
7af9cb9e80c	15	2	1	1	1	0	0
179f718d62c	19	4455	2165	2290	5	1	4
68af59ef6b9	4	2	1	1	1	0	0
6115df63383	7	364	124	240	13	2	3
3aca908db3b	17	11	5	6	2	0	0
e33c66654ab	16	209	131	78	2	0	0
fd184ee2fa5	20	12	6	6	2	0	0
6c68a9679b7	0	33	31	2	2	0	0
732c6f2036a	17	8	6	2	2	0	0
35589528992	16	28	8	20	1	0	0
d2f5094096b	18	2	1	1	1	0	0
