Commit Id	Time	Total LOC	LOC added	LOC removed	Files affected	Files added	Files removed	Commit Msg
73266cb486c	7	17	17	0	2	0	0	10
49cd1bbf842	6	12	7	5	2	0	0	192
b1b84960ced	20	57	29	28	19	0	0	4
a2714be8b5c	21	48	36	12	3	0	0	15
de1521413ef	1	111	75	36	3	0	0	30
6034701f573	8	33	22	11	2	0	0	108
57642e23497	8	53	51	2	2	1	0	46
cda1a384260	11	16	7	9	2	0	0	72
22f67f85854	8	53	51	2	2	1	0	46
b30b60717d6	11	16	7	9	2	0	0	72
