Commit Id	Time	Total LOC	LOC added	LOC removed	Files affected	Files added	Files removed	Commit Msg
46a47d27991	5	25	21	4	1	0	0	10
9acc8a686a4	4	49	45	4	4	0	0	2
0dba38eef0f	9	2	1	1	1	0	0	15
5861db8a696	23	163	81	82	77	0	0	6
a38aa02f9f3	23	6	4	2	1	0	0	5
c488e5775a5	23	9	6	3	3	0	0	6
602d1861a1c	23	3	2	1	0	0	0	4
b90d63b9983	23	2	1	1	1	0	0	10
976983960d6	8	52	43	9	3	0	0	28
943b2c61a80	6	41	31	10	2	0	0	75
31ed37fdf0a	1	31	14	17	2	0	0	54
6e603ccbe2d	0	2	1	1	1	0	0	10
4befe93a4b4	22	108	79	29	2	0	0	10
de9778b5bdc	15	2	1	1	1	0	0	13
57fbb627cad	20	130	65	65	8	0	0	3
7ff53f4c6aa	1	150	76	74	3	0	0	5
e0061a511d6	1	138	72	66	3	1	0	5
cfd459abde7	1	952	478	474	3	1	0	11
3892628657c	1	7	7	0	1	0	0	12
c0d42b03653	4	2	1	1	1	0	0	14
bc45adcffac	19	7	6	1	1	0	0	4
78be1e49300	23	48	0	48	1	0	0	26
5b740c488f0	6	4	2	2	1	0	0	4
3c7873bd3f7	23	37	30	7	1	0	0	20
82813f2f8cf	0	39	25	14	1	0	0	6
a26f7d753dc	0	9	8	1	1	0	0	9
94be898fbc6	21	6	0	6	2	0	1	15
e65e6039a83	20	3	3	0	1	0	0	25
1ffdad010bd	6	2	2	0	1	0	0	10
4ce100fa622	4	119	95	24	3	0	0	12
73f207fe598	7	27	18	9	1	0	0	4
781d51285d6	4	2	1	1	1	0	0	7
49e0f14a2f9	17	95	54	41	6	4	0	240
d75b63bc3c5	0	8	7	1	2	1	0	25
f0f247d7e5b	7	11	5	6	3	0	0	36
65037eeb320	0	6	6	0	2	0	0	83
e9aacd40c68	22	20	14	6	1	0	0	94
1a1214866ff	1	2	1	1	1	0	0	7
e55c4868013	20	2	1	1	1	0	0	8
072750e6629	3	6	5	1	1	0	0	7
0e311717b5b	0	23	16	7	2	0	0	49
ba0c32e2e1a	0	239	119	120	2	0	0	12
53dac7c341a	20	2	1	1	1	0	0	8
3f7c791b135	3	6	5	1	1	0	0	7
b2dfea03618	0	23	16	7	2	0	0	49
2f071ac7d18	0	239	119	120	2	0	0	12
85fb47c11cc	1	42	31	11	5	0	0	31
c099e274d2e	1	42	31	11	5	0	0	31
686d9f9cc66	16	58	55	3	2	0	0	15
66bce65d33b	16	58	55	3	2	0	0	15
bb08f0c219b	23	216	28	188	3	0	0	39
dff1b5ad109	23	4	4	0	3	1	0	10
4d0456f827c	0	123	72	51	2	1	0	10
e9b6b0b327e	6	16	12	4	4	0	0	86
8ff79541652	19	9	7	2	2	0	0	12
25b5bc01a6f	23	135	135	0	1	1	0	47
226eff51045	1	66	47	19	3	1	0	13
b0aadbea6b7	20	21	16	5	1	0	0	3
492fc0d7524	18	19	12	7	1	0	0	84
bfc6b51d955	19	11	1	10	1	0	0	11
b0adaff67e4	0	32	27	5	2	0	0	25
5e14c8bec0b	20	13	7	6	2	0	0	6
446d2ec19c9	18	23	17	6	1	0	0	3
4c514a723cf	23	4	2	2	1	0	0	7
987cbbc191c	19	47	40	7	2	0	0	69
589e27948ba	4	52	43	9	2	1	0	30
9996b459e15	21	231	186	45	4	0	0	24
d39d3cec65a	8	8	8	0	1	0	0	19
3c9746de244	19	47	40	7	2	0	0	69
c73041b3d59	4	52	43	9	2	1	0	30
b52b4196ab2	19	34	29	5	2	0	0	15
a2b3c865c92	19	4	2	2	1	0	0	4
a52f59b437d	2	220	111	109	3	1	1	5
7c57eb2aec1	19	251	141	110	1	0	0	2
6525c045229	18	264	148	116	1	0	0	2
dc2b4b2a819	19	266	140	126	1	0	0	7
47c40bf18d3	19	50	30	20	1	0	0	16
3d0627dc6aa	19	3	2	1	1	0	0	28
48334dc0b1b	19	11	8	3	1	0	0	46
6f5d95de6df	2	87	81	6	4	1	0	75
435ece50589	2	151	126	25	3	0	0	6
d40af91b301	0	964	482	482	2	0	0	4
49275524a5d	18	9	7	2	1	0	0	9
430a7f1bed7	0	33	28	5	2	0	0	4
6cdeb3b3fd1	21	22	17	5	4	2	0	24
f86ec1366f7	17	23	20	3	3	1	0	8
2f1f22ab26e	1	59	34	25	1	0	0	5
da2f4b2dc42	1	53	53	0	5	2	0	33
5f2e90934e5	18	71	52	19	4	0	0	37
2e6a263e292	8	20	18	2	2	0	0	29
9bed5dcb2c5	0	133	109	24	3	0	0	82
46513483cd9	21	92	89	3	9	6	0	6
81b4d453547	21	10	6	4	2	0	0	6
ff39d413a3c	21	315	261	54	1	0	0	3
f07041e6cd2	23	3	3	0	1	0	0	43
f8defa3e090	20	9	8	1	4	2	0	6
8b9dbdad272	1	8	8	0	2	0	0	10
0aa1a8a005c	1	85	84	1	6	0	0	7
2cfe7b847d9	5	1	1	0	1	0	0	8
f3d364122dc	5	6	4	2	2	0	0	36
a48f73d0d34	23	2	2	0	1	0	0	9
3599c71dae1	22	11	9	2	2	0	0	8
d664bf376d1	18	222	150	72	2	0	0	53
bc8e9b340dd	20	58	30	28	1	0	0	7
11a06fe1e4c	5	6	4	2	2	0	0	36
3c9fb3ec1af	18	11	10	1	2	0	0	6
7bff70268a4	18	4	2	2	1	0	0	5
4d64f363385	21	9	5	4	2	0	0	5
e1a72f0e2e4	21	12	10	2	2	0	0	33
6d85da185c8	22	169	164	5	3	1	0	31
7ee8c5676b5	19	18	13	5	1	0	0	6
90802d628df	22	190	171	19	2	0	0	37
5cfac218526	22	107	101	6	3	0	0	4
3935adced09	23	42	42	0	2	0	0	4
efca5f8e78a	0	45	45	0	1	0	0	3
0b3ecc05a68	19	37	27	10	2	0	0	26
8fd1c68f062	2	100	100	0	1	1	0	11
8df6f9e5446	19	128	125	3	7	6	0	10
bbffd9e5025	16	4	2	2	1	0	0	17
a7ce79124e6	3	24	23	1	3	0	0	5
7c6f0147dfa	18	70	44	26	1	0	0	158
307f39ce9ed	20	71	64	7	2	0	0	47
249361cab79	11	36	23	13	1	0	0	8
580ab7ba2c1	17	4	2	2	1	0	0	39
794cb60f9e8	17	2	1	1	1	0	0	1
9967c369c92	17	121	117	4	10	5	0	10
8475e1527dd	20	3	2	1	1	0	0	5
87900b14da5	20	18	7	11	1	0	0	5
fc80ee947a6	0	45	45	0	1	0	0	3
9b5098f509a	20	34	33	1	7	4	0	11
ebc4d5cd290	22	17	0	17	1	0	0	6
7f0047c2d52	21	224	43	181	8	0	4	36
448eab2587d	22	6	4	2	2	0	0	8
dcecfc5f1b4	16	15	12	3	2	0	0	7
ddfc6b78cc1	18	13	11	2	2	0	0	7
588d885e81d	0	14	14	0	2	0	0	10
bf0802402d5	0	5	3	2	1	0	0	27
c050d0fa19a	1	11	5	6	3	0	0	12
703a1ffe52b	18	120	4	116	10	0	5	8
ef35f4d6c1b	0	64	64	0	1	1	0	12
3210809d0ac	22	9	7	2	2	0	0	8
ac4791393ed	22	9	7	2	2	0	0	8
5b8e1dabbc1	23	17622	17615	7	44	45	0	5
d104bfd5a6d	6	32	19	13	3	0	0	21
f90264d2462	6	50	35	15	1	0	0	2
711a356468d	20	10	8	2	1	0	0	7
b4712bf1ac2	20	10	8	2	1	0	0	7
6b6f2b1d2ca	15	29	0	29	1	0	0	8
ef27d56cc12	15	29	0	29	1	0	0	8
ef523e5719f	5	6	3	3	1	0	0	2
8b6277a4602	0	6	5	1	4	0	0	4
190abcac9de	0	23	15	8	1	0	0	6
dc8f4eed53b	17	54	54	0	1	0	0	5
98990b97798	16	23	20	3	3	0	0	4
b3af074a025	16	7	4	3	1	0	0	6
e06ce7562ca	17	23	16	7	4	0	0	34
74c02066fe0	2	64	64	0	1	1	0	5
c828ded0c2b	18	2	1	1	1	0	0	3
ff942c6b39d	18	3	2	1	1	0	0	5
4f91b72dbe4	18	3	2	1	1	0	0	5
59a5262041d	23	53	53	0	3	2	0	8
e6f147141e4	16	86	83	3	1	0	0	8
b70fed48a7f	1	143	40	103	3	0	0	100
caf70f5e941	15	145	104	41	3	0	0	12
2d02e6a9920	17	34	25	9	3	0	0	7
4c5751ba977	19	148	146	2	2	1	0	8
06190928c0c	23	10	5	5	1	0	0	6
975f1930b1c	22	11	10	1	1	0	0	5
e543b0e95e7	22	11	10	1	1	0	0	5
0ba78d5f362	21	89	86	3	2	0	0	7
3ab15cde251	0	8492	1667	6825	132	15	104	4
e85a95dfa34	17	23754	23739	15	218	217	1	6
61764613d1b	0	1706	731	975	252	0	27	6
d5f401147ac	18	1	1	0	0	1	0	8
0f6d3e22d9e	20	1	0	1	0	0	1	4
1ad30a2af49	23	196	99	97	95	0	0	2
ffc81106598	19	21	20	1	1	0	0	6
db273818f6c	2	16	8	8	3	0	0	1
cf20b6bf65b	23	85	78	7	7	1	0	77
580e67015c4	1	37	37	0	2	1	0	10
93188918ea7	22	334	177	157	6	0	0	13
f490934c33b	19	22	17	5	1	0	0	6
bb9316da28f	2	1767	1049	718	158	21	7	2
2255efa171e	0	232	122	110	95	0	0	2
56f65e3c3e1	16	497	399	98	109	19	0	2
9a059ea69e1	0	56	44	12	4	0	0	72
dd8018de956	19	4	2	2	1	0	0	4
90fb81ad540	1	600	361	239	102	8	1	2
d75de86e6d8	2	6	6	0	0	0	0	3
8e57398b203	0	14	11	3	1	0	0	8
78dbb4b5b1b	23	1179	844	335	203	4	0	1
d84a6ba3d13	0	4	2	2	0	0	0	6
d5a189acef1	23	73	61	12	4	0	0	149
ff4096f958f	1	4	2	2	1	0	0	4
8cca30f31b2	20	37	17	20	1	0	0	35
25410096b4c	23	2644	1835	809	139	3	3	4
4afc46d7bcb	2	1420	586	834	27	1	0	4
d18cebaf8a7	1	52	40	12	4	0	0	77
ec1d1ee61fa	5	4	2	2	1	0	0	4
f25ec0782e3	5	2	2	0	0	0	0	34
4fd315192a2	22	0	0	0	13	13	0	4
5d7577c71ab	10	18	14	4	1	0	0	6
5c0d11b12a8	10	24	17	7	0	0	0	5
6768d2fc936	10	489	317	172	9	1	0	2
7b93eb0000a	21	1	1	0	1	0	0	8
f33a35e293f	21	10	5	5	5	0	0	6
b1b16d117e6	23	8	4	4	1	0	0	7
40879f33cd0	0	6206	2242	3964	139	3	20	4
a74354735ab	23	45	32	13	4	0	0	58
77f2cb66d1b	1	4	2	2	1	0	0	4
5c0f039c9ca	20	194	97	97	95	0	0	4
ff0f0aeb401	1	104	100	4	3	2	0	38
f98999cc166	21	57	52	5	3	0	0	9
38651521a86	21	2	1	1	1	0	0	5
f19e20d33f5	21	55	38	17	6	0	0	68
5756d7916a1	0	4	2	2	1	0	0	4
ca4b91a1d00	1	2	1	1	0	0	0	5
05471f5c2ae	2	3405	2223	1182	90	0	0	4
a3efcd20066	2	63	45	18	6	0	0	110
ec79acb3a61	21	4	2	2	1	0	0	4
30fd2f7bb27	22	3	3	0	1	0	0	8
465f57c56f9	23	14	11	3	2	0	0	4
71527e3a55b	23	10	8	2	1	0	0	4
5937d02aed6	0	3	2	1	1	0	0	5
051908e023f	0	57	40	17	6	0	0	80
74a2528bd71	1	4	2	2	1	0	0	4
8be699494ec	23	6148	4439	1709	128	5	0	4
e5db01ee29e	23	1	0	1	1	0	0	5
986785c9d29	7	16	0	16	1	0	0	5
349cab0b489	23	9	9	0	0	0	0	17
99059aad8d6	23	49	32	17	6	0	0	47
e612143a896	0	4	2	2	1	0	0	4
02c1cb54aa2	17	3	2	1	0	0	0	27
163900dc68e	20	911	482	429	204	1	1	4
830d0fe95a9	3	2	1	1	1	0	0	12
e9adb7fbbc4	4	3	3	0	1	0	0	7
68a0c56a7d9	18	6165	3882	2283	110	6	0	4
5041bc1b6cc	18	4	1	3	1	0	0	19
3a915b02e8a	19	92	48	44	4	0	0	4
a7af84f988a	22	1251	616	635	89	38	44	35
df236e75a2f	8	2	1	1	1	0	0	7
9a0d90793ef	23	4	3	1	1	0	0	7
f5ab8a7141d	23	53	37	16	5	0	0	61
0a4f5e84734	22	6	6	0	1	1	0	1
de21de920cf	22	62	44	18	6	0	0	69
6a2cb6c506f	19	4	2	2	1	0	0	4
7a1a62ec6e1	22	99	53	46	5	0	0	4
4672872ddde	18	4	2	2	0	0	0	9
a2851b62345	18	216	6	210	3	0	2	8
1eb1fe32250	0	79	62	17	6	0	0	182
f73f07e1266	21	4	2	2	1	0	0	4
0cdf85e28d5	23	1291	749	542	61	0	0	4
96338432e2b	0	1	1	0	0	0	0	7
bae4018b301	20	2	1	1	0	0	0	6
3817b12fec5	20	1	1	0	0	0	0	6
186960fefb5	20	1	1	0	0	0	0	6
27d8b059fa2	23	35	35	0	2	1	0	13
634b4de2c83	23	35	35	0	2	1	0	13
e004721b482	19	13	12	1	0	0	0	9
92cb684e784	4	47	46	1	2	1	1	46
9a6f936c8a6	4	8	8	0	1	0	0	8
73806b56e56	0	6	6	0	0	0	0	3
d3b83726157	1	2	1	1	1	0	0	6
1b5048b2886	8	12	8	4	1	0	0	8
a9130222bd3	22	21	3	18	1	0	0	12
d384b8b0d2a	0	70	53	17	6	0	0	127
f492baa61dd	22	4	2	2	1	0	0	4
59ecf2ccf74	22	21	18	3	1	0	0	10
d4d45a17578	2	2363	1858	505	132	7	0	4
ca0986fbd1a	2	2363	1858	505	132	7	0	4
964d03bc3f0	18	1892	1892	0	12	15	0	4
7d6d5e263e8	18	1610	8	1602	2	0	2	5
7aee49d9677	18	34	20	14	1	0	0	7
ac5e7072c97	19	48	24	24	1	0	0	9
3d5f7594b58	19	11	6	5	1	0	0	8
3bec62b0125	19	6	0	6	3	0	1	3
bd880e7f3fc	19	705	403	302	5	1	1	1
11d27367cdc	19	63	61	2	3	1	0	5
24a2706a3bb	19	18	9	9	1	0	0	3
44559a32119	19	2	1	1	1	0	0	3
97ee38707bc	19	24	12	12	1	0	0	3
60aa852a036	19	228	177	51	1	0	0	3
6e51db12689	19	180	123	57	1	0	0	3
ab294ad93df	19	73	57	16	1	0	0	3
dd1b3b6dfd3	19	22	11	11	1	0	0	3
9a0495a4b0f	19	93	63	30	1	0	0	3
2f148845e8a	19	22	11	11	1	0	0	3
ec02e827602	19	25	13	12	1	0	0	3
40190b7c92d	19	197	100	97	1	0	0	3
af7314e190e	19	69	54	15	1	0	0	3
02e288b640b	19	35	18	17	1	0	0	3
2806c6ce28c	19	6	3	3	1	0	0	3
0cf7156f085	19	105	93	12	1	0	0	3
2fd5cb3d2e0	19	102	49	53	1	0	0	3
0e752246d38	19	26	14	12	1	0	0	3
aef61ee3671	19	16	8	8	1	0	0	3
a52254d0d78	19	65	35	30	1	0	0	3
628bc835ae3	19	12	7	5	1	0	0	3
728386bfb21	19	11	7	4	1	0	0	3
dfdf09d43d0	19	8	5	3	1	0	0	3
94c6bcfdad5	19	24	14	10	1	0	0	3
03968739c5c	19	6	5	1	1	0	0	3
f0694e1e0c9	19	4	3	1	1	0	0	3
c4d6c7f8296	19	13	8	5	1	0	0	3
c9b35b99233	19	26	17	9	1	0	0	3
cf4700aff42	19	10	5	5	1	0	0	3
a54b70a355e	19	8	4	4	1	0	0	3
8e6086b4033	19	22	11	11	1	0	0	3
f4720d8dbd7	19	18	12	6	1	0	0	3
9fe92590b24	19	58	33	25	1	0	0	3
f9e464f95a7	19	1304	652	652	7	1	1	1
f9df88c6dae	19	380	191	189	8	1	1	1
5571c1aaa4e	19	4	3	1	2	0	0	9
909ea3008ef	19	2	1	1	1	0	0	7
7af2d6b9851	19	6	6	0	1	0	0	3
f4641bd4de5	0	10239	7434	2805	175	11	0	4
fde26002f17	23	1	0	1	1	0	0	5
4f8d7328a46	21	2	1	1	0	0	0	9
2e24ded6d23	21	7072	6248	824	79	1	1	4
412cebec9e0	23	1	0	1	1	0	0	5
50cfeef65e6	21	2	1	1	1	0	0	5
692bcbe559b	23	59	22	37	1	0	0	13
29463cb60c2	0	15	11	4	1	0	0	7
44daa9836b5	1	36	29	7	1	0	0	24
217bb47b027	18	1892	1892	0	12	15	0	4
4051c2843b1	22	1251	616	635	89	38	44	35
ffcdcc7ff06	18	1610	8	1602	2	0	2	5
8cd13eb74e3	18	32	20	12	1	0	0	7
63629614cbf	19	48	24	24	1	0	0	9
1a181315eba	19	11	6	5	1	0	0	8
5824881e4a8	19	6	0	6	3	0	1	3
f28d482cd43	19	661	381	280	5	1	1	1
d71f9944cc5	19	63	61	2	3	1	0	5
df5be65415c	19	18	9	9	1	0	0	3
5d4e3d2d0cb	19	2	1	1	1	0	0	3
d383954ffe0	19	24	12	12	1	0	0	3
03d6aa07ea8	19	228	177	51	1	0	0	3
6738d82e38e	19	12	6	6	1	0	0	3
032b877f31d	19	71	56	15	1	0	0	3
f775c5cea4f	19	22	11	11	1	0	0	3
db8c55e77c8	19	93	63	30	1	0	0	3
cacb28c92cc	19	22	11	11	1	0	0	3
14d4fbb0029	19	25	13	12	1	0	0	3
2a6ff3f56b3	19	189	96	93	1	0	0	3
a62ec4437ba	19	72	57	15	1	0	0	3
4f24b20fcbf	19	35	18	17	1	0	0	3
c205d3b53a1	19	6	3	3	1	0	0	3
e88a1ba74a6	19	105	93	12	1	0	0	3
e8ad5b9c1ca	19	119	51	68	1	0	0	3
8a121fa0e7b	19	26	14	12	1	0	0	3
3ce782b7f2b	19	16	8	8	1	0	0	3
e083720d548	19	67	33	34	1	0	0	3
798f8a0dc10	19	12	7	5	1	0	0	3
3b6c1d74c7f	19	11	7	4	1	0	0	3
d39297251f0	19	8	5	3	1	0	0	3
8e22004cb54	19	24	14	10	1	0	0	3
774c289ba85	19	6	5	1	1	0	0	3
8d1e5d3ae11	19	4	3	1	1	0	0	3
4ed05da2bec	19	13	8	5	1	0	0	3
c0446edcc2e	19	22	15	7	1	0	0	3
c2f6405a0f4	19	10	5	5	1	0	0	3
c417de409dd	19	8	4	4	1	0	0	3
3c195d04f30	19	22	11	11	1	0	0	3
169b0820f0e	19	18	12	6	1	0	0	3
b34feeeb868	19	58	33	25	1	0	0	3
674416fbc9b	19	1305	652	653	7	1	1	1
7bfa5cf284d	19	380	191	189	8	1	1	1
17db291b5cc	19	4	3	1	2	0	0	9
86d077da006	19	2	1	1	1	0	0	7
4ca3fd0a01d	19	6	6	0	1	0	0	3
d8c5ba21854	4	47	46	1	2	1	1	46
054127112ce	17	1556	1182	374	218	4	1	91
1bf3a143539	17	208	105	103	100	0	0	6
c0c4e008aa0	19	160	75	85	9	0	0	4
2d6a076ab32	23	10	8	2	1	0	0	4
ef5b0f4c8eb	20	7	5	2	1	0	0	8
48a2d34cfe6	18	68	54	14	5	0	0	174
2f256af4124	21	4	2	2	1	0	0	4
4053c01b53f	22	4	2	2	1	0	0	14
2d44dcc8be9	23	64	52	12	26	0	0	6
3dfa98c9917	23	6	5	1	1	0	0	8
c368e46e7fe	23	9	9	0	1	0	0	4
f70be203e4a	0	20	10	10	1	0	0	6
2e487379ada	0	38	36	2	1	0	0	6
cf6e4d82e76	1	28	14	14	5	0	0	5
1d59a73fefb	1	2	2	0	1	0	0	10
a42b4ad44e6	6	6	3	3	1	0	0	5
f1742c93d7f	6	1	0	1	1	0	0	5
5ca5ec33cca	6	11	6	5	1	0	0	6
959a19e1184	7	8	5	3	2	0	0	1
8258bd467a1	18	3	1	2	1	0	0	6
33f9074a621	18	87	86	1	3	1	0	8
d5fca08da45	2	81	81	0	1	1	0	7
17da4242b0d	2	13	13	0	1	1	0	7
fb53986a801	2	10	10	0	1	1	0	6
150053b3fa6	3	2	1	1	1	0	0	5
a10cfba766e	17	67	66	1	2	0	0	6
bcb0cc0b184	4	27552	27246	306	202	98	3	72
e4fc2cbfd35	4	16019	11157	4862	189	18	0	4
4e85257c6ea	4	3	1	2	1	0	0	4
943c396b861	16	3	0	3	1	0	0	5
8b79a31333d	16	2	2	0	1	0	0	7
10dc129a4b7	17	222	122	100	101	2	0	4
f06abda6f58	16	82	68	14	5	0	0	164
bda08bfa044	21	4	2	2	1	0	0	4
ad5a108dfd5	23	591	445	146	21	1	0	4
f631c1d73b8	23	27907	27564	343	213	100	3	4
571a51989e2	15	20	12	8	3	0	0	4
06bf0707f7d	15	2	1	1	0	0	0	4
9f7f86b534f	0	54	39	15	6	0	0	132
b9bd2d3eb9a	17	4	2	2	1	0	0	4
702b46c80df	21	2	0	2	1	0	0	40
0fb4fb4797e	0	8	8	0	1	0	0	5
46376888cd2	15	29	16	13	5	0	0	6
76a771b749c	15	24	12	12	5	0	0	6
d980620010a	18	3	3	0	1	0	0	5
851b3970e72	18	2	1	1	1	0	0	9
7bee98bae25	18	3	3	0	1	0	0	5
815169383ee	18	2	1	1	1	0	0	9
89653cb32fa	16	211	109	102	100	0	0	4
dce86828273	20	51	26	25	2	0	0	4
81cd3a3cd62	2	4	2	2	1	0	0	5
c781f177421	2	29	25	4	1	0	0	8
d2389f8fab2	2	43	26	17	2	0	0	68
67f1778065b	23	781	504	277	123	2	0	4
a7cd76bb3b3	23	285	0	285	5	0	5	6
d2270843393	23	25	21	4	5	0	0	4
76f31faa3b8	15	29	16	13	5	0	0	6
d497bf845b9	15	24	12	12	5	0	0	6
e513ffef754	0	32	30	2	1	0	0	106
a7dce478543	18	4	2	2	1	0	0	4
066789a6e33	8	7	7	0	0	0	0	8
cda3b6ff52e	2	5286	2195	3091	167	20	14	4
8a15147bc53	2	29	25	4	1	0	0	15
4b64542fe09	2	8257	6020	2237	195	14	0	4
af90faf198f	2	3	1	2	1	0	0	4
6aa755070a5	15	4	2	2	1	0	0	31
6ebe9e0c1d2	17	59	38	21	2	0	0	4
7abbda8ba2e	23	38	37	1	2	2	0	9
9a70d99980c	3	200	100	100	98	0	0	4
5cda2542fdb	23	53	51	2	1	0	0	145
8d3278b9620	18	4	2	2	1	0	0	4
90ce5b3d41a	19	64	32	32	6	0	0	6
2726c22f0b8	0	2	0	2	1	0	0	26
1e577f347b0	1	11	1	10	4	0	0	6
01d46f3a204	4	185	155	30	3	0	0	7
b9bfb1bc916	21	3	2	1	1	0	0	10
37ac5e52bfa	21	4824	2038	2786	256	19	9	4
e81a5e9c9cd	23	7	0	7	0	0	0	6
57d722011aa	23	10	8	2	1	0	0	8
08e2e570a7d	23	37	36	1	2	2	0	9
45b772d8cb3	23	3	3	0	1	0	0	16
93eca95aece	5	1	0	1	1	0	0	25
06ada03ed93	15	59	56	3	2	1	0	63
c75f71dd721	15	59	56	3	2	1	0	63
f160a45b254	23	29	26	3	2	0	0	97
e8067cb6856	17	4	2	2	1	0	0	4
d0365fd21f0	1	2	1	1	0	0	0	3
8b82abb9532	1	94	94	0	3	3	0	6
3ba9519fafb	1	2	1	1	0	0	0	3
e0660740d9e	1	94	94	0	3	3	0	6
04271a5e939	1	6	3	3	1	0	0	38
93cefab1a3a	23	5	4	1	1	0	0	7
0c0f13eda46	23	10	8	2	1	0	0	4
80a55e9c835	2	17	6	11	1	0	0	6
7407be896ef	23	43	36	7	2	0	0	6
ac1aaddc001	23	38	22	16	2	0	0	6
88f94fa28c4	4	8	6	2	1	0	0	6
91701c2db10	7	11	1	10	1	0	0	4
35c0cd219d0	5	29	9	20	1	0	0	4
e1dd5705857	5	8	1	7	1	0	0	4
db45b2ca02d	5	8	1	7	1	0	0	4
a26bee8fa16	23	131	93	38	15	0	0	4
963459d736d	23	882	879	3	11	5	0	268
10ce3d129d4	23	68	67	1	3	0	0	6
45c1d4f96f4	21	24	23	1	2	0	0	8
d4ed2e61f7a	15	7	7	0	1	0	0	6
079b81358bf	22	2	1	1	1	0	0	5
37fd953378e	22	55	26	29	4	0	0	3
d8b33dc1478	22	2	1	1	1	0	0	1
c8bbd13ea8d	0	1598	951	647	222	2	2	4
6ed5ef5fe02	1	98	89	9	8	1	0	4
6bb98682716	1	3	1	2	1	0	0	5
7b3fb22290c	2	2	1	1	1	0	0	3
c2b47097c0b	0	50	48	2	1	0	0	134
0fcb1246022	18	4	2	2	1	0	0	4
33c76f19de1	19	2	1	1	1	0	0	2
605927fbd9c	19	2	1	1	0	0	0	57
c9a231db0e5	2	2	1	1	1	0	0	3
77c1cc04825	14	2	1	1	1	0	0	5
27dfb1d4c03	14	4	0	4	1	0	0	5
c0a9985da7a	17	80	80	0	1	0	0	6
76de7c0c26e	14	19	11	8	2	0	0	9
1ac05cc5ad6	22	1320	778	542	133	1	11	4
35bcb1d6a96	15	4	2	2	1	0	0	2
e5ef103b050	17	55	36	19	1	0	0	5
a1d193963dd	21	35	33	2	1	0	0	96
acf19500eed	20	4	2	2	1	0	0	4
bfe9cdb7f2f	21	7	7	0	1	0	0	19
bce68134b64	22	3	3	0	1	0	0	7
fb400b48682	22	1	1	0	1	0	0	6
c9be1d5ffdb	19	31	28	3	1	0	0	5
b7e8e35c0ed	17	8	7	1	1	0	0	8
91120e04297	17	469	466	3	8	6	0	4
e3ceee2dce6	17	4	2	2	1	0	0	5
62c12d21612	17	38	27	11	5	0	0	12
2fc528ce009	17	251	134	117	1	0	0	53
ab60efb5354	17	3	3	0	0	0	0	2
719cd461d39	18	30	28	2	4	0	0	4
aaf0453b7cd	18	398	197	201	190	0	0	4
711ecdd54fa	19	3	2	1	0	0	0	14
4ced23deaf3	18	21	19	2	1	0	0	64
992e3464b89	20	4	2	2	1	0	0	4
9164fa6aaaa	21	7	7	0	1	0	0	19
0a414f4caad	22	3	3	0	1	0	0	7
2f93eb6102f	19	31	28	3	1	0	0	5
e4dd8dc28ef	17	8	7	1	1	0	0	8
e63c7821d5f	17	474	469	5	8	6	0	4
0abe42a0f4b	17	4	2	2	1	0	0	5
a9fc63f7a18	17	38	27	11	5	0	0	12
1de43149bbb	17	286	153	133	1	0	0	53
cd8f82c007b	0	24	14	10	2	0	0	4
8cd2b0e778e	1	2	1	1	0	0	0	8
eaf607e88b6	1	2	1	1	0	0	0	8
1930772693d	22	116	58	58	2	1	1	6
3d84c3db257	22	96	53	43	3	0	0	48
1858d1c340c	2	8	8	0	1	0	0	30
33a9ac60877	5	6624	3791	2833	289	0	14	15
b4fbf6d2759	21	13	8	5	1	0	0	12
8c758e127c9	21	1	0	1	1	0	0	4
5979f096d1b	17	42	30	12	3	0	0	7
a811a4a1304	15	9	8	1	2	0	0	9
07d8a4650e9	0	344	187	157	1	0	0	6
9239088e873	0	2	1	1	1	0	0	11
ea4b1c1c0c2	19	96	66	30	4	0	0	4
14a5b45c06c	0	10	8	2	1	0	0	8
8068f9bf388	23	2	1	1	0	0	0	7
4bc1d395de6	23	33	31	2	1	0	0	114
f19f980724f	17	4	2	2	1	0	0	4
a98e8455162	0	360	176	184	1	0	0	6
01103d077bc	0	2	1	1	1	0	0	8
9611354f08d	20	2	1	1	1	0	0	1
f8519e10b82	20	6	3	3	1	0	0	4
faa4d9ff5f7	21	203	116	87	1	0	0	7
1665b4a2a3b	0	2	1	1	1	0	0	1
3f3f958c14c	2	32448	25604	6844	290	35	2	4
2cca7488bf5	15	65	45	20	3	0	0	4
3b95d88bf2d	17	2	1	1	1	0	0	8
564172510de	21	6	3	3	1	0	0	25
c393853b4e0	21	2	2	0	0	0	0	20
9fc7283a403	2	122	84	38	2	0	0	8
a3753b496e4	23	42	12	30	3	0	0	13
ee6c11876aa	0	72	72	0	1	1	0	3
1a2255ab44d	0	141	70	71	2	0	0	4
b48f7f7eacb	3	3	2	1	1	0	0	11
d0c010e39be	3	6	3	3	1	0	0	7
75670d3f630	12	2	1	1	1	0	0	18
24de89bd0e4	21	290	130	160	20	0	0	4
719376730d8	5	434	264	170	121	0	9	9
8a411bae665	15	8	1	7	1	0	0	10
782277f11a7	5	55	53	2	1	0	0	162
dc8b488bbe2	17	4	2	2	1	0	0	4
434404e3bbb	17	2	2	0	1	0	0	6
cbdf3393a21	22	8189	5052	3137	163	10	0	4
7946ad26342	22	2	1	1	1	0	0	3
e0f5d8e86d6	22	8	4	4	1	0	0	7
04e484c4843	18	4	2	2	1	0	0	8
cc36cc59999	18	23	17	6	1	0	0	5
b9e40fbaacc	0	4501	941	3560	237	6	21	4
28e851c169a	19	25	22	3	2	0	0	7
e5d3ea77719	0	4705	1090	3615	247	6	21	4
debf552ed2d	0	22	20	2	1	0	0	61
1285cd90111	16	4	2	2	1	0	0	4
f9abf5e0e22	22	4	2	2	0	0	0	6
c45522df4c1	22	4	2	2	0	0	0	6
46b09e41903	18	11396	4208	7188	186	0	11	5
43ff46becfd	22	2	1	1	1	0	0	3
0435f9b28c8	18	2	1	1	1	0	0	8
940a6863ead	15	27311	5156	22155	246	2	22	5
c08357c32fd	22	2	1	1	1	0	0	3
6332a4cf004	22	346	154	192	1	0	0	7
424bca15c8e	23	55	44	11	1	0	0	23
131a67e7efa	7	50	42	8	2	0	0	7
65242abc3bd	7	36	26	10	1	0	0	8
13198357e99	4	2780	873	1907	171	0	9	4
54a4f99c4e0	14	11	6	5	2	0	0	1
76f6a4abb46	15	1	1	0	0	0	0	5
8d9766a9dfb	4	49	47	2	1	0	0	158
e9aa57e8bdf	15	4	2	2	1	0	0	4
1358632e672	16	4	0	4	1	0	0	4
427662c6e92	16	2542	2541	1	36	39	0	5
25e8ea17e1f	16	2542	2541	1	36	39	0	5
d53cdc5378d	22	93	93	0	3	1	0	20
6ce013dd4bb	21	131	118	13	2	1	0	7
a11bf99ce0d	2	25	25	0	3	0	0	3
e733dc3bc3b	17	661	640	21	10	4	0	42
dd85a8c1837	15	2	1	1	1	0	0	7
f70fa3bae61	17	4	2	2	1	0	0	9
8bec3febd84	17	11	10	1	1	0	0	7
a0a5c4c5af3	17	209	95	114	1	0	0	6
412c1ab5bc2	19	258	166	92	2	0	0	38
e72addcf8e7	0	20	18	2	1	0	0	6
283d735e2b7	5	79	68	11	1	0	0	4
a111390c566	15	20	1	19	1	0	0	3
911b0fddd34	17	6106	2576	3530	184	14	29	4
1f93aa5d5d2	19	46	42	4	3	0	0	140
2b15cf57dda	19	4	2	2	1	0	0	4
c49f3b5df69	19	8	5	3	1	0	0	10
bdd57f07563	15	11	11	0	0	0	0	16
bc18bf4ec0f	16	31	31	0	1	1	0	10
e74a733024b	17	6	4	2	1	0	0	7
a90bc78534d	18	81	0	81	3	0	0	8
41421ff9da1	21	7	6	1	1	0	0	6
d614d161c7f	22	11	9	2	1	0	0	8
b0b707cb6e4	19	2107	1621	486	141	21	1	10
d0111aa0c45	21	9	7	2	1	0	0	4
0ef6cfd39be	17	8	8	0	0	0	0	8
de65ba7aba0	22	48	48	0	2	1	0	7
1df222f179f	23	2	0	2	1	0	0	5
5cfe0b86d5b	0	2	1	1	1	0	0	6
10fa526fa03	1	5	5	0	0	0	0	8
edb62dd9023	1	894	623	271	120	10	0	4
6ba1c625cde	16	270	160	110	104	3	0	4
252f034b30b	1	2	1	1	1	0	0	6
f105f2f2fd1	18	4	2	2	2	0	0	6
a72120190a8	1	42	40	2	1	0	0	177
e4017402ef8	0	6	3	3	1	0	0	4
1d3d02c70df	17	59	57	2	2	1	0	28
260695afd07	17	8	4	4	1	0	0	10
5b39929d47f	18	229	153	76	11	1	0	5
48c3d200418	19	14	10	4	4	0	0	7
8988af58f41	20	6	3	3	3	0	0	2
fce7c958ed4	21	1	1	0	1	1	0	4
5ec056633f4	23	56	56	0	2	1	0	6
ddf52bd3473	5	1460	1460	0	28	28	0	10
8f1a38d9163	17	11983	11942	41	153	157	1	8
ff2a1b86c31	2	11	8	3	3	0	0	10
6014a62b3ec	2	2	1	1	1	0	0	4
441e7928492	2	4	2	2	1	0	0	5
de89bbb00cb	2	10	5	5	1	0	0	6
5565366a33e	14	203	175	28	7	1	0	4
91835966eb0	23	231	126	105	102	0	0	4
d34fea59e1b	15	65	60	5	2	1	0	4
2603cc564da	16	5	5	0	1	0	0	7
38250f64032	22	203	102	101	98	0	0	4
8a946c2ee7a	17	199	157	42	4	2	0	16
9a7158de18a	14	2	1	1	1	0	0	7
8b8a7a7f9b4	17	31	29	2	1	0	0	80
b07b3913045	14	4	2	2	1	0	0	4
78234740221	6	381	381	0	1	1	0	4
e3074689f50	2	16	13	3	2	0	0	52
42ea37afb2b	16	4	2	2	1	0	0	4
21aa0df8b2f	22	7	5	2	2	0	0	6
37bdd36d70e	6	13	11	2	1	0	0	19
f2a9ed48736	17	25	24	1	1	0	0	4
c721604d254	2	1784	1539	245	127	14	0	27
3644b0bc963	2	37	30	7	3	0	0	4
3e0757c1012	5	2	1	1	1	0	0	1
1747eeff1aa	5	5	3	2	1	0	0	4
103921dac07	7	15	15	0	1	0	0	6
5193d592197	8	22	14	8	1	0	0	7
b919e298712	8	5	4	1	1	0	0	6
40f70673c65	8	5	4	1	1	0	0	7
2134aa3d5c6	2	46	44	2	1	0	0	163
bc718742620	17	77	77	0	1	1	0	4
559a98f0d7f	16	107	57	50	1	0	0	8
59a40fc8ed7	19	966	692	274	201	2	0	4
c49888bd847	20	4	2	2	1	0	0	4
5b5c8b60052	21	121	93	28	6	0	0	4
c4e9226bdb5	22	7	4	3	1	0	0	4
cc6084b9ac5	20	42	40	2	1	0	0	137
bf539f9bfd2	5	3	2	1	1	0	0	9
a4da6300c8f	17	73	73	0	1	1	0	3
71078f91ed0	17	4	2	2	1	0	0	4
fecebe1dbf2	0	14	7	7	0	0	0	8
ae5a209b114	23	15590	10056	5534	389	95	28	4
17061d981ec	23	1	0	1	1	0	0	6
952e5133791	23	19	17	2	1	0	0	55
bf561c52a5e	0	51	51	0	1	1	0	4
b6e916db587	17	4	2	2	1	0	0	4
3ad07ed0b8c	0	2	1	1	1	0	0	1
eb9b8f51dad	0	1589	1171	418	121	3	0	5
9d4362403c1	18	8140	7656	484	278	161	0	4
ef1b7dd3d76	19	35	15	20	1	0	0	37
b8d861556a4	0	50	0	50	1	0	1	6
d6b78d0e376	23	48	48	0	2	1	0	6
0109a9f90ac	0	92	53	39	2	0	0	4
4e5fe2d45ae	1	134	113	21	3	1	0	7
19ecc17e6b6	18	8	7	1	2	0	0	5
a52a44e0729	1	105	89	16	1	0	0	5
c383befd257	18	1389	973	416	155	26	24	4
7397ab2cf13	18	328	176	152	11	1	0	4
a0a0062d612	18	134	78	56	7	0	0	4
868ffed77c5	18	11	3	8	1	0	0	4
e1fb7b76e99	0	9	8	1	1	0	0	4
845b9e92d8c	16	288	164	124	8	0	1	4
0c91b0e48e0	16	288	164	124	8	0	1	4
60bf2d6cb33	19	42	40	2	1	0	0	114
02ff9741cce	17	4	2	2	1	0	0	4
f6484842b37	17	71	71	0	1	1	0	4
430d94ef85f	15	116	109	7	4	1	0	111
d9057cc090b	20	218	108	110	102	0	0	4
e16d506a58d	17	4130	1978	2152	55	4	3	4
f9b237f478c	21	28	26	2	1	0	0	86
ec299a13291	18	4	2	2	1	0	0	4
5bb2fe660ed	18	61	61	0	1	1	0	4
0a0002b480d	19	1527	1043	484	135	8	0	7
f4f0daa44d5	21	112	108	4	6	1	0	4
2c487669f74	21	11	3	8	1	0	0	4
e4c9c9f412c	3	49	39	10	3	0	0	7
5809426d758	0	12	6	6	1	0	0	2
7fd3cb666bd	0	3	3	0	0	0	0	3
f98562fcd7d	23	24	22	2	1	0	0	64
8656c2654e4	23	15	10	5	0	0	0	6
3d34590fbac	17	4	2	2	1	0	0	4
b207e24bcd1	17	59	59	0	1	1	0	4
b0c0111b042	19	234	231	3	2	1	0	7
b3cf3f35fcf	21	196	166	30	6	2	0	7
f8dab6acb60	18	1	0	1	1	0	0	7
f70be41d80b	17	104	52	52	1	0	0	8
fd56981b4c3	17	6054	3027	3027	78	0	0	10
f5c07b65a09	2	1345	875	470	227	11	1	4
37537d5720a	15	116	116	0	2	2	0	4
2dd710e7ea5	20	29	28	1	2	2	0	14
9b86a4453f0	15	43	41	2	1	0	0	162
02dae998c35	21	4	2	2	1	0	0	4
575c12bba3e	21	77	77	0	1	1	0	4
585388bbd8d	22	2	1	1	1	0	0	6
55ddf54adf6	21	11	9	2	1	0	0	25
2dcaef6efa1	21	4	2	2	1	0	0	4
2a1f022d207	23	11	10	1	0	0	0	17
c527366caa4	15	11	11	0	0	0	0	16
7e6dea46019	0	10	5	5	0	0	0	8
a7f3288a87c	18	43	43	0	1	1	0	4
99ad0561c04	18	107	62	45	3	0	0	24
74d076caf18	21	3	2	1	1	0	0	5
93be4ffd4b2	18	103	58	45	3	0	0	24
7bb814f9db0	21	3	2	1	1	0	0	5
4ff56aa15e2	21	2	1	1	1	0	0	6
0414e14702a	21	2	1	1	1	0	0	6
168a5557803	19	212	201	11	5	1	0	13
9badc002b4b	19	1	1	0	1	0	0	4
caf69aa91a9	20	1694	855	839	196	0	0	4
f11a3dfcd63	2	252	118	134	101	0	0	22
0544a586ca6	20	28	26	2	1	0	0	75
e8bc2edabf3	19	4	2	2	1	0	0	4
c82e2889e82	19	85	85	0	1	1	0	4
50c7d80fb0c	20	66	63	3	2	1	0	8
22804a9eb88	1	42	41	1	2	1	0	10
3ccee087597	3	4350	2958	1392	172	40	7	15
afa57799e43	15	206	162	44	3	0	0	18
86778607c94	18	2	1	1	0	0	0	6
24ff8f4c79f	22	99	64	35	5	3	0	10
f640c5d35cb	16	28	26	2	1	0	0	79
b6cf0454a93	0	75	75	0	1	1	0	3
073c7b4d083	0	4	2	2	1	0	0	4
c0558ff7748	0	1	1	0	1	0	0	7
226d37bb688	1	8	4	4	1	0	0	7
73976b6c9dd	21	23	14	9	4	0	0	4
b7223abbdc9	21	14	6	8	2	0	0	4
060141c58a7	16	104	81	23	3	0	0	42
2bcb9ab7bcd	22	2424	1376	1048	169	9	12	4
024f4b12a55	23	263	152	111	104	0	0	4
2f1985ca7dc	0	212	106	106	101	0	0	4
ee200942dd7	16	2	1	1	1	0	0	1
c259499945a	8	228	119	109	103	0	0	4
a299c97bbc7	8	30	28	2	1	0	0	91
0ccdedab795	19	4	2	2	1	0	0	4
0407ecfcfbf	19	77	77	0	1	1	0	3
1597ce0eb3c	22	72	36	36	1	0	0	9
05282588e00	19	51	51	0	3	0	0	2
e5d95ba939d	19	32	32	0	1	0	0	8
985e3a25cb9	19	8	4	4	3	0	0	1
e6ce259d2ca	15	69	67	2	1	0	0	257
459717efb62	22	4	2	2	1	0	0	4
0ef1e5b5eb3	22	116	116	0	1	1	0	5
dec16aa5c2e	19	106	106	0	1	1	0	24
54a4c639e97	16	44436	43728	708	649	441	5	4
41e1b171ec6	22	2	1	1	1	0	0	8
005ae232502	15	10	10	0	1	0	0	7
e35cec5c05f	15	2	2	0	1	0	0	6
6e0b8b169c1	15	2	1	1	1	0	0	8
1c2982b94f4	17	4	2	2	2	0	0	7
b88c3902b24	15	49	47	2	1	0	0	175
d80de98e910	18	97	97	0	1	1	0	4
362189a5d35	18	4	2	2	1	0	0	4
7144be70db2	18	411	231	180	2	0	0	72
b788c5e77b5	22	1081	982	99	23	3	0	4
15101163377	22	14	11	3	1	0	0	6
22974a1acd0	23	4	2	2	1	0	0	8
6e205588909	4	54	52	2	1	0	0	148
43a2b291822	1	95	95	0	1	1	0	4
d406a8250f8	1	4	2	2	1	0	0	4
3411a03dd11	22	39747	27733	12014	376	61	1	4
d77c24de3f8	22	10	4	6	2	0	0	4
04005716765	22	90	85	5	3	1	0	136
83d39c8d535	15	42216	525	41691	541	6	431	4
2a9a5e23188	18	2	0	2	1	0	0	4
411d46087f4	18	2	1	1	1	0	0	4
ea2ceb731ca	18	13	10	3	1	0	0	6
0bc273da4fc	15	53	51	2	1	0	0	169
37869f1c9a5	22	4	2	2	1	0	0	4
8ca44f99285	22	93	93	0	1	1	0	4
e1f39468fa5	16	7	6	1	1	0	0	14
9877b8f4143	17	4	2	2	1	0	0	4
dcc01df968c	17	63	63	0	1	1	0	4
c08320c957f	20	98	48	50	1	0	0	24
5a0056703af	16	12	4	8	1	0	0	4
3053f4d27d6	17	8	4	4	1	0	0	5
d3e818cf8fd	17	13	13	0	1	1	0	5
fa912c246cd	22	2	1	1	1	0	0	2
b90c1502e53	21	8	1	7	1	0	0	10
836a06fc4f4	0	74	2	72	3	0	1	40
99b2368a6cd	15	34	33	1	1	0	0	6
218f08dbdeb	21	3885	2401	1484	239	17	5	4
38c72d4e295	21	27	25	2	1	0	0	79
061f2075cf8	22	134	132	2	7	1	0	7
b3536ae0a8a	15	73	73	0	1	1	0	4
58db21e6c55	15	4	2	2	1	0	0	4
8509073458f	18	7	4	3	3	0	0	1
627f0d27e82	17	2	1	1	1	0	0	3
9901b69c8e3	22	401	316	85	4	0	0	73
bfb9d5bbe61	0	952	178	774	4	0	0	5
4266f5cf2eb	1	5	4	1	1	0	0	5
76b0bdf7207	17	1075	928	147	8	1	0	45
c87b524c5f4	17	294	141	153	2	0	0	8
f3621359f48	17	3	1	2	1	0	0	5
d7da20c812c	17	20	15	5	2	0	0	7
f2fa97f178d	17	108	46	62	1	0	0	5
1122e3af289	16	58	29	29	1	0	0	8
7413df0c1fd	18	302	175	127	111	0	0	4
29d12c73420	18	570	254	316	24	1	0	4
76a6c4bf2e3	18	478	295	183	18	0	0	3
95c9305874f	18	436	301	135	21	2	0	4
a0ee2915665	18	186	108	78	6	0	0	3
abf37c1e665	16	4	2	2	1	0	0	6
1ed4c6776e4	19	39	38	1	1	0	0	134
82a72e9591b	17	87	87	0	1	1	0	5
78dbb15858f	17	4	2	2	1	0	0	4
c7b2e29e5e4	14	9	4	5	1	0	0	40
822e13d375e	16	284	168	116	105	0	0	4
e1bdde05c7e	16	4	2	2	1	0	0	6
ff4c974873f	18	59	41	18	1	0	0	77
648e38771e5	19	4	2	2	1	0	0	4
d130bb060eb	19	72	72	0	1	1	0	4
45a13d96747	20	47	45	2	2	1	0	9
b00527fcf05	20	9	7	2	1	0	0	14
54e88b3d619	21	4	2	2	1	0	0	4
7fe16717276	21	82	82	0	2	1	0	4
5f0a10ad218	21	11	6	5	1	0	0	5
21c741f2576	17	130	129	1	5	4	0	6
07d3b21f435	17	31	21	10	2	0	0	7
a12c42ca2f8	0	2	1	1	1	0	0	19
e2bcff9aa75	18	7	3	4	1	0	0	6
db008f7cce0	20	422	221	201	198	0	0	4
fb5c7f03a04	20	613	597	16	8	9	0	17
fdf91afb494	20	25	23	2	1	0	0	69
e773be6f908	17	4	2	2	1	0	0	4
122ac4e1f21	17	71	71	0	1	1	0	4
3149d2f7dce	19	95	95	0	1	1	0	40
4de274cbee9	2	8	2	6	1	0	0	15
33fa7405778	0	172	158	14	2	1	0	14
0e95ea42cee	0	2	1	1	1	0	0	3
92e92b02155	0	4	3	1	1	0	0	6
b09f97068e9	22	4018	3712	306	235	22	1	4
ea355b6af7b	22	19	17	2	1	0	0	2
1c9c6277d5c	22	19	17	2	1	0	0	42
953673424ae	19	4	2	2	1	0	0	4
45cdb0e4c12	19	65	65	0	1	1	0	4
314c6b30603	0	7	7	0	1	0	0	7
372cb32dc49	23	2	1	1	1	0	0	7
17834ed28cb	23	4	2	2	1	0	0	8
420e07c5777	22	833	829	4	7	5	0	6
639fbe28d11	23	2	1	1	1	0	0	9
51a52c43a28	0	5	3	2	1	0	0	5
9b5abe5bfe3	23	87	71	16	1	0	0	6
3b59fd70f4e	20	119	103	16	2	0	0	21
caa853bb06c	23	16	15	1	1	0	0	10
02f017d24f8	14	18	11	7	2	0	0	7
06e321d0f96	14	8	4	4	1	0	0	23
8acb416ad05	20	150	99	51	3	0	0	6
9b1b85490b6	20	1247	1247	0	6	6	0	5
545f5126190	21	18	18	0	5	0	0	6
0678480b572	18	28	20	8	1	0	0	8
71e2b61388e	0	41	36	5	1	0	0	3
f3e71eb4170	0	98	98	0	1	0	0	6
e82d06bef9c	0	3	1	2	1	0	0	7
acfb0ef908a	4	1	1	0	1	1	0	5
cf0b4ba4105	17	4	2	2	1	0	0	8
f624ccb475a	18	24	23	1	1	0	0	3
286aa04910f	21	114	61	53	1	0	0	5
58568232234	7	27	3	24	1	0	0	5
63ac07b32b0	7	4	3	1	2	0	0	5
f20fd22abd5	7	38	33	5	2	0	0	17
62dd04027b6	7	2	1	1	1	0	0	8
286c54439a6	7	19	15	4	1	0	0	6
0118584433c	7	197	129	68	1	0	0	6
c2f62d496a0	7	23	14	9	1	0	0	7
2ff499c0229	3	108	86	22	2	0	0	12
b15e19a2324	4	123	72	51	3	0	0	7
38e2b0053a0	2	39	29	10	1	0	0	10
4b4ff2dff16	9	39	29	10	1	0	0	7
53fa66d9f79	2	4	4	0	1	0	0	7
ac5a185edf1	18	45	26	19	1	0	0	4
49ea653363d	4	113	113	0	2	1	0	8
d58f2654bce	6	13	12	1	1	0	0	4
44b308b1f7b	0	518	197	321	4	0	0	2
0e01d6398f1	23	269	103	166	4	0	1	2
79fd9620f5e	23	3	2	1	1	0	0	5
70461c39be7	15	2	1	1	1	0	0	7
3d3a0b30466	15	3	2	1	1	0	0	9
90de2ddb773	18	33	32	1	2	0	0	5
175f78c6ba7	22	11	10	1	2	0	0	5
e336134658f	23	36	32	4	1	0	0	5
dd3ebb8cf64	17	20	15	5	1	0	0	7
e0c600e00e8	18	56	54	2	1	0	0	6
4a32d531555	22	51	42	9	1	0	0	4
83704f12798	19	1	1	0	1	0	0	5
42981e2aadf	1	10	6	4	2	0	0	24
99021b7a4f7	1	14	7	7	2	0	0	5
dbcacc5afe4	2	5	4	1	1	0	0	18
f8bb031bdc7	15	12	9	3	1	0	0	8
fc7d8d59f75	18	4	2	2	1	0	0	1
8f428f3b0de	23	5	4	1	2	0	0	38
5760244cc62	8	5	3	2	1	0	0	6
8fe7b0c910e	6	17	11	6	1	0	0	11
04541cf7bcc	6	4	4	0	1	0	0	4
20a88feb8fe	19	497	398	99	1	0	0	2
854171dc6f2	19	3	0	3	1	0	0	5
7742257febb	23	2	1	1	1	0	0	8
8a3befa0c65	5	484	259	225	1	0	0	77
695abba5ac3	17	194	165	29	18	0	0	8
bb56dcc4505	6	70	42	28	2	0	0	4
b4df1e62de1	6	39	28	11	3	0	0	2
81e356279dc	1	3	0	3	1	0	0	6
1d369317ea4	6	142	68	74	1	0	0	72
0977638ffb0	17	18	15	3	5	0	0	8
19ecc3a4a6e	15	60	43	17	21	0	0	4
3751c0fe40e	18	6	4	2	1	0	0	10
abbd47e4a37	18	100	67	33	2	0	0	31
cd51fa8f5a9	1	32	18	14	2	0	0	6
945f877d304	22	3	3	0	2	0	0	4
6c5356bfe26	16	119	5	114	4	0	1	20
82c7c84e255	20	149	144	5	3	1	0	17
04adf0e5a1e	16	579	579	0	1	1	0	5
43538f4f8fc	19	79	79	0	1	1	0	32
f3f4e290e0d	16	2	2	0	2	0	0	8
f63af64eb8d	16	45	22	23	2	0	0	6
cab22644a5b	16	1	1	0	1	0	0	6
9f4c0988c37	17	43	43	0	1	0	0	11
836593da23f	22	34	22	12	1	0	0	3
8624adf5d8b	2	83	35	48	1	0	0	6
f9caf7020c6	2	37	12	25	2	0	0	11
79ec9dc1dd0	2	12	7	5	1	0	0	5
825af451fbd	17	23	20	3	1	0	0	5
ec7455558f6	23	31	26	5	2	0	0	7
0c867ae618e	0	35	25	10	1	0	0	6
9d0103d22e1	0	44	22	22	1	0	0	4
d30e76e0e83	16	84149	61342	22807	1173	1033	59	4
c048c814c79	16	6	3	3	1	0	0	7
fb915ed9573	16	17	9	8	2	0	0	1
0edd93dcc1e	16	3	3	0	2	0	0	3
244924823ec	2	134	116	18	4	1	0	13
982981442dc	19	8	4	4	1	0	0	47
d86d83c75f6	19	60	58	2	1	0	0	185
70eb227e80f	20	4	2	2	1	0	0	4
6738e685921	20	97	97	0	1	1	0	4
54740c8b247	23	14	7	7	1	0	0	1
d76eacd4e61	23	4	3	1	1	0	0	17
4be9c695f0c	4	7	5	2	1	0	0	18
4401bb47bfa	20	231	129	102	5	0	0	55
ec8ebaf3009	20	64	32	32	6	0	0	46
1c2910d94c4	2	73	73	0	4	4	0	7
9785ab60574	17	12	6	6	1	0	0	10
aec2f733f97	19	61	26	35	1	0	0	6
ba94f9d6f89	19	107	56	51	2	0	0	6
f423287453e	19	99	51	48	1	0	0	6
e11668b244e	21	8	4	4	1	0	0	16
ecdde7df15f	5	1	1	0	1	0	0	7
7550e31d1ad	23	87	52	35	1	0	0	7
6c80ef01c1f	0	52	51	1	4	2	0	8
01994e8119c	0	38	36	2	1	0	0	118
30bd774fbd3	1	4	2	2	1	0	0	4
44ceb5d8f5d	1	82	82	0	1	1	0	4
3e6f737eaf7	14	55	26	29	1	0	0	7
df3563aa65d	14	30	30	0	2	0	0	27
3b715edda97	18	2	1	1	1	0	0	8
38df9d51a22	20	586	294	292	1	0	0	6
321b8eec08d	20	92	46	46	1	0	0	13
18c985919d9	22	2	1	1	1	0	0	10
aa742ddf80f	23	967	666	301	220	8	0	4
c50c33e9397	0	26	24	2	2	0	0	63
daf46669636	1	4	2	2	1	0	0	4
1388171d96d	1	67	67	0	1	1	0	4
6d9ee4b1843	1	12	12	0	1	0	0	7
be54423782f	3	11	6	5	1	0	0	5
8e37a589a62	15	4	2	2	1	0	0	9
a993f740f04	2	194	194	0	3	1	0	4
530585b2d10	3	54	9	45	1	0	0	5
b43e544140c	21	70	19	51	2	0	0	66
840401c024a	2	7	4	3	1	0	0	7
bc8feb151c7	4	22	9	13	1	0	0	7
9ece63b1d74	4	18	14	4	1	0	0	7
dc0c524ce68	2	4	4	0	1	0	0	16
3383d77c61f	1	65	65	0	2	1	0	6
9313fdc71ca	18	41	40	1	1	0	0	126
4c9de9d7169	19	87	87	0	1	1	0	3
9a4a39fc97d	19	4	2	2	1	0	0	4
27fafd46487	19	87	86	1	2	1	0	143
20a3c5d09c4	0	21	21	0	3	0	0	42
14e8f806dec	0	97	95	2	2	1	0	100
b9ffc537e66	20	6	3	3	1	0	0	5
47f3fc9a267	20	20	11	9	1	0	0	7
b48e303af02	19	130	86	44	4	1	0	14
1528de23735	17	46	42	4	3	1	0	22
b7d76a1a7ba	21	130	44	86	4	0	1	34
ae6f4b32c47	22	1	1	0	1	0	0	5
0459a602327	16	862	561	301	123	1	0	4
01a4be45542	18	24	24	0	1	0	0	6
ee2fd79e434	18	12	3	9	1	0	0	17
9e7bebeb830	16	35	33	2	1	0	0	103
1c35ee8695a	19	81	81	0	1	1	0	5
fc3547bc828	19	4	2	2	1	0	0	4
4d32fc59642	20	862	561	301	123	1	0	4
2c4eef0d972	20	21	19	2	1	0	0	46
4598a4c6dd2	20	4	2	2	1	0	0	4
9c2c8454634	20	67	67	0	1	1	0	5
539bf1d7b70	0	12	8	4	2	0	0	7
782149ddc3c	1	93	77	16	2	1	0	6
5d3c51d937f	3	75	75	0	1	1	0	8
80242528778	16	206	196	10	14	1	0	4
7a2ebce8d8e	17	16	6	10	3	0	0	4
e722ca32d98	17	1800	1406	394	138	5	0	4
5f2f8400f66	17	30	28	2	1	0	0	79
6e05faa3d0d	18	81	81	0	1	0	0	5
f64742ea07d	18	4	2	2	1	0	0	4
7f6054ca81f	18	74	74	0	1	1	0	4
72dd3b4e252	1	43	37	6	1	0	0	5
15508589a16	23	65	52	13	6	3	0	49
bdc7251b64b	22	25	14	11	1	0	0	6
e26622bd18f	19	138	87	51	2	0	0	44
faf78604ca9	16	3	3	0	1	0	0	4
4c78a52a3a0	16	3	3	0	1	0	0	13
02f7d1bfd8b	19	92	85	7	2	1	0	48
bda45a8be1e	1	92	7	85	2	0	1	43
60f18ede39e	1	60	56	4	2	0	0	9
f64d1febc88	7	2	1	1	1	0	0	1
016810913d4	7	56	41	15	2	0	0	7
7e1cf84c9ef	19	106	99	7	2	1	0	101
a6c18472cd3	21	143	88	55	2	0	0	12
c7c1ed01ae1	18	4	4	0	1	0	0	7
916aebabb83	23	6	5	1	4	0	0	57
9a488a667cc	19	8	5	3	1	0	0	6
5aef65a98a9	16	2916	2153	763	269	10	5	4
53978bdf420	16	27	25	2	1	0	0	72
ccf2712ee55	17	4	2	2	1	0	0	4
13897279ae1	17	72	72	0	1	1	0	3
33b2aebb6dc	16	15	13	2	2	0	0	9
4b9f0d190cd	17	33	31	2	1	0	0	99
c3c8eee46db	18	4	2	2	1	0	0	4
e4d97b1dca5	18	78	78	0	1	1	0	2
2810b1ab00f	18	4	2	2	1	0	0	6
0c2e5ec840e	1	434	379	55	21	2	0	4
e4a856e0ba8	1	33	19	14	4	0	0	4
862b1642091	4	12	4	8	3	0	0	7
6bd450155c3	23	2	1	1	1	0	0	9
1762dd7ed98	23	10	10	0	1	0	0	75
02374d0c178	23	92	92	0	2	1	0	7
6dcadb9fc86	20	133	133	0	1	1	0	5
82ad5fbe9aa	0	1	1	0	1	0	0	6
2789323902a	17	56	54	2	2	1	0	56
c9dcf5718cf	16	152	151	1	2	1	0	136
987338fe31b	23	109	108	1	2	1	0	10
73be4608d9d	18	849	663	186	131	5	0	4
e10c75579b5	17	16	14	2	1	0	0	35
01bff7e7a7b	19	4	2	2	1	0	0	4
3f38069acfa	19	62	62	0	1	1	0	3
95ac576bf95	22	132	53	79	4	0	0	37
9299168f2a2	2	6	3	3	3	0	0	13
8476aefc8e2	20	102	97	5	2	1	0	54
09b12122544	18	2	2	0	1	0	0	7
75df612cd7e	19	12	8	4	1	0	0	10
a77c29a0f98	2	18	11	7	2	0	0	20
7f303707d5b	2	2	1	1	1	0	0	10
60238cce12d	19	4	4	0	1	0	0	8
4911a30803e	21	264	132	132	105	0	0	4
54d20ffba03	21	39	37	2	1	0	0	117
727151afd31	21	4	2	2	1	0	0	4
32674645860	22	84	84	0	1	1	0	2
00e1962495f	3	110	110	0	1	1	0	4
dd069a25394	7	42	41	1	1	0	0	9
37077de83db	7	59	52	7	1	0	0	3
aa2edd4b89c	7	116	116	0	1	1	0	7
baea73ccda8	3	228	114	114	2	1	1	5
e82f97401f9	3	776	711	65	6	5	0	6
051c1317f99	6	45	0	45	2	0	2	6
d5d04a51d64	1	80	0	80	1	0	1	19
536ce446898	7	80	69	11	3	2	0	7
3b16657e775	7	80	40	40	2	1	1	2
921c3c2097f	21	66	40	26	2	1	1	2
cc38528acf9	21	63	36	27	2	1	1	2
419607e8ebc	21	23	17	6	2	1	1	3
55aa2571a0f	7	291	91	200	4	2	2	4
048f7fd37ce	22	8	3	5	2	0	1	5
56b22956ad3	22	48	0	48	2	0	2	5
3f67a48dd46	6	161	57	104	2	1	1	3
e87ed91face	21	81	48	33	3	0	0	2
4e1bcdcab9f	2	139	62	77	6	5	3	5
44be55fc4e4	6	44	25	19	2	1	1	5
f7a4ccb409c	6	81	40	41	2	1	1	5
7e5cd08061d	6	38	21	17	2	1	1	5
3761be3d99f	7	45	40	5	2	1	1	5
fef35fc4f1d	7	15	0	15	1	0	1	6
2a2942bd7f3	7	22	16	6	2	1	1	5
844b33205c7	7	33	18	15	2	1	1	5
6d116be7cf2	7	120	48	72	2	1	1	5
1fc6f993402	5	87	87	0	1	1	0	4
2a64edb025b	18	78	78	0	1	1	0	6
8a3f52170e1	5	109	0	109	1	0	1	9
8c719f7c71e	5	3	1	2	1	0	0	7
bafc51c0f9b	22	149	63	86	2	1	1	12
0a406869df9	2	137	74	63	2	1	1	5
7d517458278	7	31	0	31	1	0	1	5
0e59efd079d	7	28	27	1	0	0	0	5
7658f4c29c1	8	11	10	1	1	0	0	7
087c4379617	18	30	26	4	1	0	0	6
035aa6b4cef	18	2	1	1	1	0	0	8
e850cbab1c8	20	5488	5488	0	23	26	0	7
ef08f0fbb19	20	51	26	25	3	0	0	12
06fbcca6bb1	22	88	0	88	1	0	1	6
1eb6a92984d	22	6	4	2	0	0	0	6
2ed56e52354	22	570	285	285	20	10	10	5
4b80f217cd9	23	22	11	11	11	0	0	31
bd4d585b7a9	0	106	106	0	1	1	0	3
053e02ef8e4	17	2	1	1	1	0	0	8
bbcb8b3ae09	18	18	13	5	2	0	0	10
089ec586135	20	20	14	6	2	0	0	8
3b2e9d26480	18	268	76	192	19	0	0	69
a63c28e6eb9	22	121	110	11	2	1	0	134
f9a0140ef14	18	34	19	15	2	0	0	6
27d1babaae3	19	64	62	2	4	1	0	30
74c08403d89	0	2	1	1	1	0	0	1
e03bc472f0b	0	19	16	3	3	0	0	88
34046084c06	0	103	29	74	4	0	0	29
b0e7dbf2c0b	17	3	2	1	1	0	0	36
ff540e19a4d	21	15	8	7	1	0	0	4
530d8c05d4c	18	16	14	2	1	0	0	49
33e8e694e87	21	4	2	2	1	0	0	4
f8ae4446ee7	21	84	84	0	1	1	0	4
fafb67c65bb	21	2	2	0	0	0	0	5
82357b87eb1	22	2	2	0	1	0	0	6
88befa6021d	16	7	3	4	2	0	0	16
30e5366b296	0	7	5	2	1	0	0	80
57f9f048d30	1	31	23	8	1	0	0	25
ec378aaa690	0	260	39	221	3	0	0	51
937662b03e5	1	5	4	1	1	0	0	7
1b870b61277	1	188	94	94	2	1	1	39
586e160a258	1	3	2	1	1	0	0	5
86433979c6f	6	31	31	0	2	0	0	85
95862b23802	19	26	13	13	2	0	0	19
875e4a0c59e	19	65	43	22	8	0	0	49
7764b842974	0	164	83	81	1	0	0	41
4b67f0be6d6	3	14	11	3	1	0	0	3
88644eaa2db	23	231	105	126	20	0	0	153
4926ffd14be	23	226	210	16	1	0	0	30
55aa973bee0	16	23	12	11	3	0	0	15
0928a526dd5	17	215	149	66	5	0	0	7
687522c5a51	18	3	2	1	1	0	0	7
83392403b7a	17	53	46	7	1	0	0	124
4cda016c264	19	4	2	2	1	0	0	4
33aafbd8822	19	2	1	1	0	0	0	5
be770a3839f	19	88	88	0	1	1	0	4
fc229860232	22	7	7	0	1	0	0	6
2106ef000c7	18	183	179	4	4	2	0	62
4ac73d2c99a	19	2	1	1	1	0	0	5
d345c1173ac	19	4	4	0	2	0	0	6
63edde0e01e	23	16	13	3	2	0	0	25
5222d19a11e	20	51	37	14	2	0	0	48
f5d84965d78	0	2	1	1	0	0	0	6
384f1be739b	20	53	37	16	2	0	0	69
e428bb7eaea	23	40	25	15	6	0	0	18
119cbf48542	0	45	34	11	3	0	0	54
e4383c01708	23	4	3	1	1	0	0	27
049903e333f	0	316	165	151	3	0	0	36
cd68d86c328	3	138	69	69	8	0	0	9
426b4c62580	3	198	100	98	16	0	0	17
312289b791a	3	16	11	5	2	0	0	7
74784b63d62	9	13	9	4	3	0	0	8
5038f401853	1	19	17	2	4	0	0	13
32ac8c0b69d	1	11	9	2	1	0	0	6
e0cec37d50b	1	36	20	16	1	0	0	8
8c44869f1dc	6	74	74	0	2	1	0	34
d5a0940fff9	6	9	2	7	2	0	0	21
b0f6789a78d	6	34	10	24	7	0	0	28
a978bedee79	7	70	70	0	2	1	0	6
9208c890582	17	32	27	5	2	0	0	21
db5d58e8425	20	101	63	38	1	0	0	66
d258fb02125	7	186	183	3	3	1	0	127
81c278d58d8	20	635	480	155	36	5	0	4
51c8b0ede3a	20	45	27	18	4	0	0	4
0debf5a8293	20	55	53	2	1	0	0	162
116d6c44025	21	107	107	0	1	1	0	4
ff2639f9eac	21	2	1	1	0	0	0	4
7df4652d7be	21	4	2	2	1	0	0	10
277a2545d26	22	367	312	55	1	0	0	9
80fb580936d	23	1267	934	333	228	9	0	4
67a4cb4fe8c	23	16	14	2	1	0	0	29
5c3c2ed9453	0	4	2	2	1	0	0	4
9c5812574f3	0	62	62	0	1	1	0	4
f23ec6b3cfd	23	27	6	21	2	0	0	4
e7b8bad3d98	19	8	4	4	1	0	0	9
4b47bb4dbc8	2	209	123	86	7	0	0	4
90368770e6a	15	2	1	1	1	0	0	23
ea30ca95335	21	181	181	0	0	0	0	7
632b7d8750a	22	52	1	51	2	0	1	13
29cd0f2a77f	19	99	94	5	2	1	0	26
b3cbb16f41f	15	110	93	17	3	1	0	27
6d593a90268	20	23	18	5	1	0	0	8
08f5db112f9	22	20	9	11	1	0	0	5
6076a25e80e	23	2	1	1	1	0	0	11
99a2059e40a	0	5	5	0	1	0	0	11
9826159bf10	0	3	2	1	1	0	0	6
f5c293b5ed6	16	13	7	6	1	0	0	8
8cf2d4c2c16	17	10	2	8	1	0	0	38
98c6a817715	17	10	9	1	1	0	0	8
6e34dfd9e80	2	11	11	0	1	0	0	18
7c9ff8e94a0	4	2	1	1	1	0	0	1
4d1e9e53702	5	4	2	2	1	0	0	4
43c1830e0a9	5	4	2	2	1	0	0	4
80472bc3012	15	46	41	5	2	0	0	11
31b5d41f57c	17	13	8	5	1	0	0	5
12713c3bb78	17	18	9	9	2	0	0	3
21a99664aed	2	5	3	2	2	0	0	4
e2400f88d85	2	59	58	1	2	1	0	8
cd2b9f542c3	18	27	22	5	2	0	0	125
327b6e3e1de	2	153	131	22	15	1	0	178
163ca274230	17	37	35	2	1	0	0	122
e2b293c360a	15	4	2	2	1	0	0	4
228ad9357c0	15	487	487	0	1	1	0	4
7a07b31a2f6	17	2	1	1	1	0	0	6
53f2381455a	17	2	1	1	1	0	0	8
110cacd1ed7	18	12	6	6	2	0	0	19
6bd8b7e5405	21	45	34	11	2	0	0	59
6399839c398	22	5	0	5	2	0	0	10
5e140b33e58	22	72	32	40	3	0	0	14
d62cf59dc15	14	67	67	0	2	1	0	58
c0721bcd668	21	105	99	6	4	1	0	10
3537b57f3e6	23	24	0	24	1	0	0	19
14947b6c5e1	23	98	97	1	2	1	0	25
425163e0d6a	20	584	292	292	1	0	0	6
d9036a5d35d	20	92	46	46	1	0	0	13
008ab12b7fa	23	5	4	1	1	0	0	106
3dd7938c033	0	585	361	224	120	0	0	4
c274d164358	1	36	34	2	1	0	0	113
9d3a09f9a8c	16	4	2	2	1	0	0	4
92cc1878812	16	82	82	0	1	1	0	4
c0d500102a0	1	73	72	1	3	1	0	33
2eb847849fc	17	2	1	1	1	0	0	6
61935bc167c	16	20	15	5	2	0	0	43
5ae26f3750f	1	170	153	17	1	0	0	25
eafa902632b	21	99	96	3	2	1	0	131
929e4d9c9a0	5	26	25	1	2	0	0	9
dea0634f608	18	301	218	83	18	1	0	4
1e0de9c426e	18	41	39	2	1	0	0	126
61d254ebdcd	20	4	2	2	1	0	0	4
708e8589ea7	20	87	87	0	1	1	0	4
9100dd4b0fa	20	4	2	2	1	0	0	6
bce38b3d74e	20	42	40	2	1	0	0	131
f1fa7566810	21	4	2	2	1	0	0	11
46da8c2da6d	21	4	2	2	1	0	0	4
1d17ced200c	21	86	86	0	1	1	0	3
7af075ee304	16	18	9	9	1	0	0	6
164d5b34655	1	6	6	0	1	0	0	106
234fb122bbd	0	77	75	2	2	1	0	122
4716dc662d8	16	24	10	14	1	0	0	4
b319264d849	17	36	24	12	1	0	0	5
d46ebffb66e	17	939	726	213	209	9	0	4
88686aa4106	22	72	55	17	2	1	0	7
d4982f6f5e4	17	30	29	1	1	0	0	87
734a19060c0	18	4	2	2	1	0	0	4
0f460b03f31	18	77	77	0	1	1	0	4
aeef9518c6e	18	70	11	59	1	0	0	6
1fd95b57bf5	18	2	1	1	1	0	0	3
e4b716efaa0	15	15	10	5	2	0	0	41
c93af860a07	18	50	44	6	2	0	0	35
b2587b26786	23	61	59	2	2	1	0	17
f2f893b2a7e	23	38229	35495	2734	453	206	13	4
c67f8d0500f	23	23	21	2	1	0	0	63
49dcab933bd	0	4	2	2	1	0	0	4
67096fdb38b	0	69	69	0	1	1	0	4
e5fdc4d6f1a	16	402	293	109	23	1	0	4
1ccae9cb1bd	16	36825	34399	2426	317	196	13	4
9712aa9f760	16	41	38	3	1	0	0	119
50be39792af	18	6	3	3	1	0	0	6
22c7d134e27	18	9	5	4	2	0	0	1
440bc060b98	18	4	2	2	1	0	0	4
b0de1e4a416	22	203	180	23	3	1	0	301
8ee43006b81	3	2	1	1	1	0	0	4
17a379ec39a	18	16	13	3	2	0	0	15
881ef7cc5fc	23	8	4	4	2	0	0	8
42b8682a518	15	5	4	1	1	0	0	9
4babd2b46eb	14	36	34	2	1	0	0	98
56e90dacb39	16	85	85	0	1	1	0	4
223f22a30d0	16	79	79	0	1	1	0	4
e4406b76dfc	16	4	2	2	1	0	0	4
0b04abcb10a	16	14	5	9	1	0	0	8
50624a50ee4	17	7627	1078	6549	98	1	16	4
c77312405e0	23	2	1	1	1	0	0	1
4bf1d1007fb	15	76	63	13	2	1	0	43
1d794ec43e5	15	5	4	1	1	0	0	9
01e29202193	15	97	95	2	2	1	0	57
4dc5b13861d	15	91	89	2	2	1	0	57
025f9133bbd	15	91	89	2	3	1	0	57
c77747354c5	17	15	7	8	1	0	0	48
ff99cd52777	0	183	83	100	6	0	0	4
deeaf8fab97	1	31	29	2	1	0	0	71
ec5577cf9da	21	4	2	2	1	0	0	4
72cf499b549	21	73	73	0	1	1	0	4
8e56b4dd1ca	21	17	17	0	0	0	0	5
9cfc92979b6	6	11	5	6	1	0	0	4
7bd8a5a2a60	5	12	12	0	1	0	0	3
dda7b402044	14	4	2	2	1	0	0	24
0e21d7b9859	16	62	61	1	10	0	0	7
c38ce9bc0a1	19	61	53	8	3	0	0	74
a58454226f4	20	137	132	5	2	1	0	72
ec576235f1f	21	116	16	100	1	0	0	9
4b69bcfc66c	22	53	32	21	11	0	0	2
fede68fd689	22	1031	637	394	30	2	2	4
5e9c7a92f20	23	12	2	10	1	0	0	10
fc58a5d4bdf	0	42022	21737	20285	477	149	26	4
31e73a5cecd	21	274	146	128	110	0	0	4
5d3dc0e4c33	21	66	54	12	1	0	0	111
458c8bb9f86	22	4	2	2	1	0	0	4
6a833a38f6a	18	87	87	0	1	1	0	3
201baa273b1	21	167	164	3	3	2	0	3
0b8af89363f	22	2	1	1	1	0	0	1
bdb78b9945f	22	35	24	11	3	0	0	61
d5158574c6c	19	19	16	3	2	0	0	33
3058f08e645	22	14	0	14	1	0	0	25
64fc34b2700	22	703	703	0	3	2	0	11
69dac92c36b	22	80	14	66	2	0	0	5
4e8cddddcbb	17	97	7	90	1	0	0	15
119354f7356	17	653	86	567	2	0	0	42
a1eacdf12ae	19	154	102	52	2	0	0	7
430dc39e87d	22	88	49	39	2	0	0	3
c1e8c8de1cd	1	18	12	6	1	0	0	7
5deb1672f2b	18	22	20	2	1	0	0	33
a241deb19a6	1	15	9	6	2	0	0	6
ef2b2a3f520	21	4	2	2	1	0	0	4
ca38def146c	21	65	65	0	1	1	0	3
f7b10f54452	21	42080	21775	20305	481	149	26	4
f564b6b58ae	21	654	470	184	16	2	1	4
199fa9f8ddc	20	2	1	1	1	0	0	6
d2fdae197ac	20	19	17	2	1	0	0	33
bae6d089a4d	21	4	2	2	1	0	0	4
77de2070893	21	65	65	0	1	1	0	3
f57ff787aaf	23	3	1	2	1	0	0	4
3a2b5030ae1	0	33	21	12	2	0	0	8
896b2aa7074	22	481	296	185	16	1	0	6
52adc0d9630	18	6	3	3	3	0	0	9
a2f93cf77a8	22	97	96	1	2	1	0	63
9c7078cea2b	15	14	0	14	1	0	1	19
1314c4aeeb9	21	166	135	31	7	0	0	4
074e823a81f	21	229	115	114	106	0	0	4
179aa0a8f2c	22	1	0	1	1	0	0	8
30d9e9fdd9d	21	28	26	2	1	0	0	74
ccb77e1c9d5	22	4	2	2	1	0	0	4
f904d614bf6	22	75	75	0	1	1	0	4
f523f7041dc	19	54	43	11	4	0	0	4
c86afa5d2ee	17	21413	20524	889	266	155	0	4
878ffdbe6a8	17	22	20	2	1	0	0	42
ce54f4ae50a	18	4	2	2	1	0	0	4
df6ffc018ef	17	83	82	1	2	1	0	110
5dc51d4e215	20	119	86	33	2	0	0	178
5dd91b01471	23	1	1	0	1	0	0	7
ba0ed00b5f3	20	167	110	57	2	0	0	178
71091f78f20	23	61342	41224	20118	627	304	26	4
c1a1ab06772	23	15	13	2	1	0	0	31
6fad535c639	18	4	2	2	1	0	0	4
99fe35c67a1	18	67	67	0	1	1	0	3
0a763e35da1	18	63	63	0	1	1	0	3
e116ee7ba13	18	4	2	2	1	0	0	6
51226b84cf5	18	11	11	0	0	0	0	5
f28f67cf759	18	539	332	207	203	3	0	4
96c30df10cd	19	178	113	65	8	0	0	4
25e51c396aa	19	15	13	2	1	0	0	26
59c8f591713	21	63	63	0	1	1	0	3
6ada73383cf	21	4	2	2	1	0	0	4
e0519ace315	6	143	141	2	2	1	0	117
bf16141eeb0	21	15080	353	14727	322	3	124	4
4d13fcf4811	21	14751	126	14625	221	0	124	4
49d9ad9d81e	17	653	460	193	116	1	0	4
a0837fd32e8	18	653	460	193	116	1	0	4
e8500274e04	0	46	18	28	6	0	0	39
d9d5bc46545	17	23	21	2	1	0	0	57
17d00f16574	18	4	2	2	1	0	0	4
fc4b4059ff3	18	70	70	0	1	1	0	3
0b9bdb2bc7e	18	11	9	2	1	0	0	14
1a39380ab4c	20	4	2	2	1	0	0	4
87654360250	20	59	59	0	1	1	0	3
4bca631c1a5	20	7	7	0	0	0	0	4
fc71a63bafd	17	7	0	7	2	0	0	6
5613803f8db	17	0	0	0	1	1	0	6
0a4260c8c0d	1	4	2	2	1	0	0	5
3c7945bda10	22	82	81	1	2	1	0	24
9195455637b	16	2262	1962	300	144	35	0	4
a088cf4f930	16	20	18	2	1	0	0	46
637acb2b348	18	4	2	2	1	0	0	4
67cb80158ce	18	67	67	0	1	1	0	3
1111880df4d	15	496	197	299	20	0	0	4
c86b3815b53	18	478	295	183	18	0	0	3
ccad4c7fbc1	16	4	2	2	1	0	0	6
4bc024ddecf	17	778	614	164	27	3	0	4
38c0c47bbe2	18	55	53	2	1	0	0	181
b3551f038f5	0	35	35	0	1	1	0	4
478c7d2993d	0	23	23	0	3	0	0	4
bd54fd3553f	0	95	95	0	2	1	0	3
7c17ca203fe	0	6	3	3	1	0	0	5
2a8c5ddc468	0	101	101	0	1	1	0	3
6176e49181f	21	12	9	3	1	0	0	2
9fc9b874728	22	157	149	8	3	1	0	49
40e92650bb9	21	165	136	29	5	1	0	4
49519f12178	1	214	128	86	9	0	0	6
831de7cbb91	23	30	13	17	3	0	0	17
99a7e78e778	16	69	69	0	2	1	0	8
f5602bda181	20	38404	3280	35124	1243	17	997	4
8bac8857f5c	20	163	139	24	14	1	0	4
b3b8e74dbf6	22	32	32	0	2	2	0	5
ff8a4058bfa	15	61355	30454	30901	663	304	305	4
9da67fa5198	15	113889	33691	80198	1823	321	1426	4
5e86519199b	20	1035	127	908	111	0	5	4
33d746c656d	22	23	19	4	1	0	0	14
e48536f4cda	3	7	4	3	1	0	0	4
db5776cf8b5	23	1512	1119	393	2	0	0	64
04e0324f6a8	0	2	1	1	1	0	0	8
bd5ab9c601f	22	23	19	4	1	0	0	14
0f8de5e1f96	1	634	433	201	11	2	0	114
ff0de45929a	20	2582	1329	1253	187	3	8	4
4bf52118209	20	8	4	4	1	0	0	6
993bb93e0a5	23	96	73	23	6	1	0	89
22c68fdc1da	21	828	439	389	38	0	1	6
bea9dfa14c5	21	8282	8086	196	144	37	0	4
32fdae2ca3b	19	5	3	2	2	0	0	9
f4b1e00071c	19	170	85	85	2	1	1	7
366baedfd8b	20	265	218	47	0	0	0	7
6942a95ae18	21	2	1	1	1	0	0	8
12cd13312b1	17	9	9	0	1	0	0	29
967b5dbb453	2	97	50	47	6	0	0	6
c0e70354dbf	0	25	16	9	1	0	0	75
65f6f06a61c	3	123	117	6	2	1	0	4
1eedbdc361b	4	116	95	21	2	0	0	6
e6c81bd6798	1	171	157	14	3	1	0	17
7304a620ecc	21	63	54	9	1	0	0	3
255650f4d97	22	90	67	23	2	1	0	11
ce3d18412c9	5	87	63	24	2	1	0	27
da93d6adfb0	15	165	142	23	3	1	0	4
e3157972e1f	15	73	34	39	1	0	0	4
7c9b607048f	18	108	101	7	4	1	0	97
df23ce138fb	18	18	6	12	2	0	0	4
1f9f8634941	21	8	4	4	1	0	0	19
f73ee94d4f5	0	4	2	2	1	0	0	4
5abdef790c5	15	15344	5267	10077	355	20	49	4
50b4c905a44	15	25	24	1	1	0	0	63
0e043528a1b	19	4	2	2	1	0	0	4
a66d2400a09	19	74	74	0	1	1	0	2
545807918ee	14	89	85	4	2	0	0	115
85d6b783432	0	1	0	1	1	0	0	30
26a8c0c6b8f	0	4	2	2	1	0	0	10
8a9434c4ef9	18	3	3	0	1	0	0	8
eef552774e1	0	128	108	20	4	1	0	36
