Commit Id	Time	Total LOC	LOC added	LOC removed	Files affected	Files added	Files removed	Commit Msg
cf89beec6f7	8	146	48	98	1	0	0	4
456dafc3c68	8	12	5	7	1	0	0	40
8abb73ef58c	9	40	19	21	1	0	0	4
cacd651ec69	15	32	16	16	1	0	0	4
483edbdf1ae	15	37	18	19	1	0	0	4
a2fcc477725	14	70	70	0	1	1	0	4
839bf025a8c	9	140	65	75	7	0	0	24
2ba96451a9b	15	33	22	11	2	0	0	4
bc764f3dffe	8	14	7	7	1	0	0	16
488b74d68bc	8	14	14	0	1	0	0	5
24ba9fdec8c	10	110	54	56	1	0	0	4
972465a3b05	12	16	7	9	1	0	0	4
