Commit ID 	 Time 	 LOCChanged 	 LOCADD 	 LOCRem 	 Totalfiles 	 Filesadd 	 Filesrem 
f67e8f243c9	22	94	58	36	2	0	0
4a6f4511c81	19	8	5	3	0	0	0
ba094094790	07	16	16	0	1	0	0
da30c0084a3	11	8	5	3	1	0	0
9fe3734f15c	18	10	8	2	1	0	0
c207d400f11	17	104	66	38	2	0	0
46a489be73f	21	208	188	20	2	1	0
3f754544268	22	3	0	3	2	0	0
b50d51ef5b5	19	43	25	18	1	0	0
8adebb92bcd	15	6	3	3	1	0	0
1c265c54a20	21	1	1	0	1	0	0
ba00fb01996	20	46	24	22	2	0	0
47643d2ec51	23	5	2	3	1	0	0
93efc7f78d4	23	56	4	52	1	0	0
