Commit ID 	 Time 	 LOCChanged 	 LOCADD 	 LOCRem 	 Totalfiles 	 Filesadd 	 Filesrem 
093dfaf801a	22	2945	1524	1421	72	0	0
0665f0271e7	19	1847	972	875	80	0	0
0ce9cbab291	22	1285	661	624	38	0	0
e76cd534317	23	10	4	6	2	0	0
c0d69a48838	01	965	483	482	50	0	0
8b980d729c7	12	144	95	49	9	0	0
6bf97808eed	14	18	18	0	0	0	0
fac6db1b569	13	17	9	8	0	0	0
45de259b436	17	223	64	159	10	0	0
968b49ba0a6	15	47	44	3	3	2	0
