Commit ID 	 Time 	 LOCChanged 	 LOCADD 	 LOCRem 	 Totalfiles 	 Filesadd 	 Filesrem 
760928bfad4	15	2	1	1	1	0	0
e21643d618a	15	2	1	1	1	0	0
6f8839d2ac3	11	28	16	12	2	0	0
884f689efec	09	6	6	0	1	0	0
41f2725639d	09	255	223	32	9	0	0
c2fb062f60a	22	4	2	2	1	0	0
539598b11f3	02	12	6	6	1	0	0
8b2abed03df	01	6	6	0	1	0	0
c24276f0087	18	13	10	3	2	0	0
3f5bb15f353	13	1	1	0	1	0	0
fa43f04f6a3	23	107	107	0	2	1	0
25ca13ec1a6	23	158	150	8	5	0	0
cdb5864fc32	22	4	2	2	1	0	0
dd0188ec088	16	368	182	186	8	0	0
6eeb59abf6b	14	755	8	747	3	0	1
809fdf26fbb	20	123	104	19	1	0	0
ca19e792c6f	20	18	18	0	2	0	0
ea97d6ed5ff	20	18	9	9	2	0	0
5866f1a9aa4	18	92	47	45	1	0	0
2df81c57f6e	17	25	8	17	3	0	0
eb6e60432b3	20	59	57	2	2	0	0
09dc5779314	16	116	102	14	3	1	0
b3d4938e3e0	15	12	12	0	1	0	0
66116924edb	19	796	793	3	4	1	0
356992fe4de	16	273	198	75	17	2	0
e9f8e284263	15	2	2	0	1	0	0
5427311ae68	00	5	5	0	1	0	0
9143b43e98c	23	107	107	0	2	1	0
2afd20b5425	23	158	150	8	5	0	0
59faab4330c	22	4	2	2	1	0	0
c481f97a9c1	16	368	182	186	8	0	0
469cb1b7b7f	14	755	8	747	3	0	1
d329fc7b098	20	123	104	19	1	0	0
3063ba08008	20	18	18	0	2	0	0
9d71e744910	20	18	9	9	2	0	0
3aadd4fe767	18	92	47	45	1	0	0
8a538ce372c	17	25	8	17	3	0	0
edbec3f8f3e	20	59	57	2	2	0	0
a778a25cabd	16	116	102	14	3	1	0
39e2c469db8	15	12	12	0	1	0	0
2a7a2ca986a	19	796	793	3	4	1	0
c3346f6760f	16	273	198	75	17	2	0
0d5a6b2d9d5	15	2	2	0	1	0	0
70e6f3f115c	22	1	1	0	1	0	0
0de6ec5f081	02	4	2	2	1	0	0
ed5bad754c1	02	3	2	1	1	0	0
b261e37a342	16	8	7	1	1	0	0
d8c178bc162	13	13	7	6	1	0	0
a82f5389d96	17	14	13	1	1	0	0
b24c515dbf2	19	129	96	33	10	0	0
7a7f1062bfe	14	1	0	1	1	0	0
aac717da8d9	23	1	1	0	1	0	0
213b8af2f60	22	3	1	2	1	0	0
15d0fa6dc12	21	1	1	0	1	0	0
4b455bafd0c	21	2	1	1	1	0	0
f322bbe729f	21	25	19	6	2	0	0
6df7bdd954e	00	11	10	1	2	0	0
666aa0a3434	14	466	427	39	21	2	0
cc2861ee44c	16	18	12	6	2	0	0
97900776bb3	12	35	20	15	3	0	0
d29be0dfa2e	02	93	93	0	2	2	0
43e91da0742	02	3	2	1	1	0	0
ef12fa1bf7b	01	394	180	214	1	0	0
bdd19ab40b0	01	3	2	1	0	0	0
321ec97d95c	01	57	7	50	1	0	0
77f21787d48	20	16	13	3	1	0	0
d70ef199f16	17	104	75	29	2	0	0
b1b3dc62ff1	15	11	10	1	2	0	0
e90db17392c	15	2	1	1	1	0	0
8295c806181	21	6	5	1	1	0	0
22c2c34952b	22	30	21	9	1	0	0
eef5d3257dc	13	4	2	2	0	0	0
fd29448be02	20	755	755	0	36	0	0
70bc2e32af8	20	33	33	0	2	2	0
23bb5986d4c	20	5	2	3	1	0	0
57d28579384	17	7	7	0	1	0	0
36815e41796	21	39	38	1	2	1	0
fdf180f9cee	07	6	5	1	1	0	0
aeb124f7f36	05	6	3	3	1	0	0
a0fdd5f3f65	12	11	10	1	2	0	0
e90623edc2b	20	20881	20547	334	514	493	0
a29a7c72fa7	02	4	2	2	1	0	0
9170077f13e	01	20	10	10	3	0	0
9b4e8e0a0d0	21	4	2	2	1	0	0
d5feb1c280d	20	5	0	5	0	0	0
3d22dbf27bf	16	31	28	3	3	0	0
03eb41c2ec4	13	47	46	1	2	1	0
3ca05177494	14	12	11	1	0	0	0
f44d0b90442	13	21	13	8	2	0	0
bbd976b8c4f	01	13	5	8	3	0	0
5fea00581b8	18	5	4	1	1	0	0
a033261f390	15	26	16	10	0	0	0
a5c51b48585	13	2	2	0	2	0	0
216019b72d5	21	11	8	3	1	0	0
2445fb8bdd1	01	1	0	1	1	0	0
1cf13bca195	15	1	1	0	1	0	0
55a8a3aad47	23	2	1	1	1	0	0
1db9a2adbe5	12	3	3	0	0	0	0
16889e22cc8	11	2	1	1	1	0	0
ce3ccc8d5ac	11	5	1	4	0	0	0
246805d3865	15	75	75	0	1	1	0
7defbd27efe	15	87	86	1	4	3	0
05de01d707c	12	156	88	68	1	0	0
61e796decc0	23	4	2	2	1	0	0
a4402f0b2e4	21	45	35	10	3	0	0
f004d5aeac0	12	5	5	0	0	0	0
3f92031aeb7	13	51	49	2	6	0	0
8bdf6bae306	13	8	8	0	1	0	0
a808ab4ac42	21	56	18	38	1	0	0
1b2d333ee3f	12	828	722	106	19	3	1
59a9a9b5b02	13	149	101	48	9	0	0
29d8ff51c85	22	18	4	14	3	0	1
9d3faf4f9ae	21	65	62	3	4	2	0
3ac5f1106d3	19	8	4	4	2	0	0
534e41b4747	19	8	4	4	2	0	0
4f8a0cd2f9d	14	7	7	0	1	0	0
2c52ccea80e	14	7	7	0	1	0	0
4f38c5ece30	15	75	75	0	1	1	0
8f15582ef33	12	25	24	1	1	0	0
5e3b0095de9	22	66	62	4	2	1	0
cf2ee19049a	21	21	15	6	1	0	0
b9e1bb3d92a	16	2	2	0	0	0	0
098fef67403	12	85	69	16	2	1	0
10d4bd8266f	10	125	123	2	1	0	0
326b2cb34e2	15	702	522	180	1	0	0
78ca5558451	20	71	41	30	1	0	0
0757c73a20d	19	48	44	4	3	0	0
e34a2c170c5	16	474	225	249	10	0	0
8dd4fcbe8f3	12	20	20	0	1	0	0
4fc0fdc6ee8	16	3	2	1	1	0	0
cdcb1118c83	15	32	16	16	16	0	0
efb833f342d	16	4	2	2	1	0	0
97cada0e6a1	16	74	74	0	1	0	0
6f96e78dea5	12	14	14	0	1	0	0
04958e88a41	11	85	85	0	2	1	0
105d1787dc0	07	2	1	1	1	0	0
d7bcf21340b	23	9	4	5	0	0	0
edcfea5d02c	05	3	2	1	0	0	0
099c717baf7	09	2	1	1	1	0	0
10edbbb927e	02	26	14	12	2	0	0
89014c9d405	22	8	8	0	1	1	0
5fd012e67a9	12	18	12	6	1	0	0
8974ba31a37	04	2	1	1	1	0	0
9c11e8a1ca7	22	50	48	2	2	1	0
11d68eb3fc3	08	4	2	2	1	0	0
52eaac43826	02	39	38	1	4	0	0
818f0cba553	02	114	98	16	1	0	0
359a65a6db1	00	49	46	3	2	1	0
1ba834bd3fe	23	9	6	3	1	0	0
c8646e0c415	17	2	2	0	1	0	0
672b453a767	16	13	2	11	1	0	0
edea4122b1c	15	21220	7097	14123	224	4	16
21b64dc7c9e	21	191	158	33	9	0	0
37bb37d151f	16	16	13	3	3	0	0
362b5a6c401	15	26	26	0	2	1	0
4d4900fc651	21	12	5	7	1	0	0
5fee1ff7bce	20	17	17	0	1	1	0
b6c582a3a31	20	10	0	10	1	0	0
a1fa3efd2b8	16	2	1	1	1	0	0
26874e2e07c	16	1	1	0	1	0	0
a7803c58e49	01	37	30	7	3	0	0
7fd1c08b161	05	51	24	27	1	0	0
ccd8b55b019	21	23	4	19	1	0	0
004e6fbe1f8	20	8	4	4	1	0	0
1d94d4fa70f	16	2	1	1	1	0	0
3dee0e4cd8e	15	1	1	0	1	0	0
b9529545e15	11	145	128	17	1	0	0
13871fa2f8e	05	6	6	0	1	0	0
15628f67351	05	15	7	8	1	0	0
d7dff34bad8	04	9	6	3	1	0	0
b8847e9ac6d	22	139	102	37	7	0	0
680765abece	19	12	9	3	1	0	0
dddfd0f8b8b	00	2	1	1	1	0	0
dd6faa5adf8	01	13	10	3	5	0	0
ac379b3be13	00	40	38	2	3	0	0
401c073dd27	00	199	185	14	9	1	0
3c3ec7b2d76	20	134	112	22	2	0	0
0ae98dfc664	19	4	2	2	0	0	0
84d0b1bcc51	15	1005	831	174	3	0	0
145aa636b93	22	1158	1029	129	20	1	0
9bb3a683fe9	01	4	2	2	1	0	0
0b92fa0e932	01	8	7	1	1	0	0
6df574b744f	01	28	19	9	2	0	0
2f8596ee107	00	4	2	2	1	0	0
4908e5bf7a9	22	145	128	17	1	0	0
b6a869ef4f7	23	3	3	0	1	0	0
018e110cd11	23	842	421	421	126	0	0
3108a9ee383	22	794	680	114	11	3	0
e0297ca59b7	15	2	1	1	1	0	0
87b34c94fa4	15	3	3	0	1	0	0
9193062e70a	14	10	10	0	1	0	0
0dc844de17c	14	1	0	1	1	0	0
dc0b7364b51	14	2	1	1	1	0	0
f1d3ae77530	14	2	1	1	1	0	0
fab68aa1edb	02	75	58	17	1	0	0
5faff9ebdf2	13	44	44	0	1	1	0
6ed8d41ddd6	15	4	3	1	1	0	0
bc96302fae1	15	309	256	53	17	0	0
c82828ec278	14	31	31	0	1	0	0
752571c7ba8	13	1	0	1	1	0	0
49c3a910c67	19	2	1	1	1	0	0
6cb1d26924f	15	3	3	0	1	0	0
c215262db44	14	30	25	5	1	0	0
9bbca991076	22	145	128	17	1	0	0
6b9f5599849	20	18	12	6	1	0	0
025f5c89c76	14	89	69	20	4	0	0
326ba25451d	13	8	6	2	1	0	0
1bb820a339e	21	39	21	18	1	0	0
bc7cfd7cd7c	18	2764	420	2344	6	0	2
976c6b0826e	14	12	12	0	1	0	0
f1ca4853578	11	2	1	1	1	0	0
fa44659c66c	23	2	1	1	1	0	0
abfcd1fb00a	20	18	18	0	1	0	0
413d38c43bc	19	70	70	0	1	1	0
c4eaf7e5a90	18	156	156	0	4	0	0
942b92a06e8	01	4	2	2	1	0	0
aff91f79aee	01	2	2	0	1	0	0
d91f64fcbbe	01	4	2	2	1	0	0
6ee676c0e45	01	2	2	0	1	0	0
f6bce20e5e4	03	28	25	3	2	0	0
d1571314390	03	28	25	3	2	0	0
fcba1459f24	03	38	22	16	2	0	0
9ad334085fc	13	3	3	0	0	0	0
93aad553425	23	1	1	0	1	0	0
fdb0eb5825f	23	2	1	1	1	0	0
3a9b08f1565	20	30	16	14	1	0	0
9ef962f9ee8	17	2	1	1	1	0	0
320cf729db9	23	1	1	0	1	0	0
b185751c3f8	23	2	1	1	1	0	0
0ad28fdd376	17	2	1	1	1	0	0
ed44098cf69	15	2	1	1	0	0	0
f8b90946aec	22	9	7	2	1	0	0
92d4ed397bc	15	10	7	3	1	0	0
5724b54d2e1	14	59	59	0	1	1	0
8b2a3354f96	14	62	53	9	2	0	0
718032777d4	22	10	3	7	2	0	0
77e4abbc3e6	14	7	7	0	1	0	0
d104e5b91cf	14	7	7	0	1	0	0
c18ef0fed55	19	7	6	1	1	0	0
e4e1917936d	19	5	4	1	0	0	0
d7c16fa3727	23	1	1	0	0	0	0
12351a2591c	22	2	1	1	0	0	0
9f986981f8b	22	274	207	67	1	0	0
fe7e00d51a0	01	108	90	18	2	1	0
0d80040adfd	21	295	91	204	41	0	0
7e7e983781e	16	16	14	2	3	0	0
fa334ef0b72	15	2	1	1	0	0	0
bb3a1d5b675	11	60	59	1	2	1	0
638773628cf	15	22	7	15	1	0	0
b66d225c6eb	21	2	1	1	1	0	0
56efe9cbc56	14	16	11	5	1	0	0
94b0481a566	14	331	278	53	6	0	0
2d9ab49239d	00	70	66	4	3	0	0
554dc63328d	22	188	141	47	12	0	0
0df8ffe4728	00	312	276	36	7	0	0
5ded5e274f8	21	36	20	16	1	0	0
fe4b7420a3e	11	45	29	16	2	0	0
8342f31af91	23	4	2	2	1	0	0
d2d53d4bb26	21	62	53	9	3	0	0
790f13df9c6	20	2	1	1	0	0	0
5e765fe5e82	16	47	34	13	2	0	0
576b11662e3	22	151	142	9	3	0	0
8f245486aa8	22	17	14	3	1	0	0
accc34c50f0	22	3	2	1	1	0	0
25135381090	02	192	192	0	0	0	0
48f4b2be2bc	01	79	6	73	1	0	0
bba432f00e0	00	2	2	0	1	0	0
11e3cfce8bb	00	59	48	11	1	0	0
cbd4033619c	01	1311	998	313	7	3	1
9cb624986c6	23	6	4	2	1	0	0
2aefea5a2f9	23	8	4	4	2	0	0
28998a8cfe9	00	6614	6505	109	41	6	0
7003d6eff56	16	9	4	5	4	0	0
63607a0304e	20	18	14	4	1	0	0
8e8f36f9583	20	1	0	1	1	0	0
d72c6940f8b	18	13	10	3	1	0	0
decd81838ab	05	9	8	1	1	0	0
52037d897d0	04	46	22	24	5	0	0
0f077a78ad3	04	6	6	0	1	0	0
1e7a0aa8837	21	70	50	20	1	0	0
44bebc0d52d	20	30	16	14	1	0	0
3aa1975c583	14	2	1	1	0	0	0
243c218c7a7	14	3	0	3	1	0	0
5e37e10e41c	23	6	5	1	1	0	0
bfc2982f107	01	21	6	15	1	0	0
eaac88163a4	23	6	5	1	1	0	0
97b0000c536	16	1	1	0	1	0	0
cbea40eaf27	16	10	5	5	1	0	0
47265046632	03	45	45	0	3	3	0
efcbe3b21a3	02	5	5	0	1	0	0
83b211ecb2a	21	1	1	0	1	0	0
7cab4d6870b	21	800	800	0	3	2	0
01b64fc36bc	14	9	3	6	1	0	0
a002f4f4531	13	1	1	0	0	0	0
028b33b18ae	20	70	70	0	1	1	0
4e204f37fd9	13	8	7	1	1	0	0
e00c2ec5e35	13	2	1	1	1	0	0
3cac57658fc	20	70	70	0	1	1	0
fa378ee4d8c	14	16	14	2	2	0	0
3cd694c9f37	23	1	1	0	1	0	0
eb09b0644b3	21	1	1	0	1	0	0
79f064f565a	15	23	20	3	3	0	0
f52a8db2805	13	4	2	2	1	0	0
fcf9cfa1374	00	7	7	0	1	0	0
ef496dc39de	00	3	3	0	3	0	0
e62cdd04887	23	22	11	11	2	0	0
c4549b85736	22	18	9	9	2	0	0
460614125be	21	45	26	19	2	0	0
fd1fc5080f6	20	3	3	0	1	0	0
f69822c70e5	15	2	1	1	1	0	0
fc57df283c2	22	266	133	133	2	0	1
d5c95f02afd	22	279	109	170	2	0	1
54bb53bf32f	21	2	1	1	1	0	0
ad31e5af56e	22	4	2	2	0	0	0
69ce415d38e	15	8	4	4	1	0	0
30d20cf4059	02	39	5	34	2	0	0
2fe4558c107	02	75	71	4	1	0	0
5a49522ba77	19	2	1	1	1	0	0
b8c8e9c113e	19	5	5	0	1	0	0
2bbb4684284	16	33	29	4	2	0	0
ac722bbed6e	21	35	27	8	4	2	0
f9cfd709460	14	6	3	3	1	0	0
0c4e7354011	23	2	1	1	1	0	0
88f416a5edf	14	21	19	2	1	0	0
12c8b27e243	14	18	15	3	1	0	0
38f948a373a	19	30	15	15	3	0	0
e1bb241b511	01	20	18	2	1	0	0
e0d7c2cfa3f	23	58	34	24	4	0	0
7c07e75db98	20	1	1	0	1	0	0
8da4831ed06	16	30	16	14	2	0	0
874260b40fe	15	127	85	42	3	1	0
8430148ccba	18	39	39	0	3	1	0
83b82f900fa	02	8	4	4	2	0	0
de261713bfd	01	700	620	80	20	2	0
2d65f3c59a3	20	8	4	4	4	0	0
a7bdaabf609	20	8	4	4	4	0	0
0082ef271e7	22	14	14	0	2	0	0
2ed23314c35	22	2730	2321	409	4	2	0
df3a8fcb62e	21	21	13	8	3	0	0
deb100fb176	13	4	2	2	1	0	0
aa0308d6182	21	25	19	6	3	0	0
984dc057e39	23	15	11	4	2	0	0
345df289eb7	22	86	86	0	1	1	0
8ddb334c2aa	22	1	1	0	1	0	0
07bcdc2f513	22	1	1	0	1	0	0
59b04427d36	21	25	13	12	1	0	0
4b77626add4	19	12	2	10	1	0	0
725fcf55873	19	12	3	9	1	0	0
bff96029665	19	6	6	0	1	0	0
1b89323e920	01	4	2	2	1	0	0
53aac9dde61	22	1088	634	454	14	3	2
0c396c05fdd	22	19	16	3	1	0	0
37cbc355d53	20	79	53	26	3	0	0
1b0e054737b	20	19	19	0	2	0	0
6f0740e67b7	19	11	8	3	1	0	0
9cc2bd11d35	16	129	84	45	13	0	0
e5cceffe6a5	11	2	1	1	1	0	0
9f9a4cb9284	14	10	7	3	2	0	0
61dfe5d2a9f	12	9	0	9	1	0	0
09130147cfb	12	2	2	0	0	1	0
13a521e6980	01	2	1	1	1	0	0
b62ecdc5bbe	19	9	3	6	2	0	0
3e8667d829b	19	9	3	6	2	0	0
f0872060675	20	23	21	2	2	0	0
b74d119b348	20	6	4	2	1	0	0
1e6b72e8cbe	12	12	12	0	1	0	0
3e2a2a76fda	19	176	144	32	1	0	0
f91988979f3	18	7	5	2	1	0	0
c6846565cf4	23	13	10	3	1	0	0
222f85fdf4a	19	176	144	32	1	0	0
8dc87731c76	18	7	5	2	1	0	0
092fc42fbf5	23	13	10	3	1	0	0
20d7c47d6e5	16	11	8	3	1	0	0
bd0baf23383	12	6	6	0	1	0	0
8e0d788842f	15	11	11	0	1	0	0
d6188bdd271	14	3	2	1	1	0	0
c626f8bd8fa	13	51	51	0	1	1	0
c95da949ecc	22	14	7	7	2	0	0
5c381637873	20	5	4	1	1	0	0
eb4c9ed881c	11	36	29	7	1	0	0
82bc25d5ada	14	19	1	18	0	0	0
594642b31db	20	2	1	1	1	0	0
1d5ff15a461	10	257	257	0	4	1	0
b64791c7e45	20	2	1	1	1	0	0
611dffabb6b	20	56	49	7	3	0	0
f0b8cc6a94b	14	53	46	7	2	1	0
80b5a52217a	12	14	8	6	2	0	0
a87172f9b21	12	3	3	0	0	0	0
8d578df4b6b	11	11	11	0	0	0	0
96e06153690	13	116	103	13	2	1	0
5d80bdb6aed	11	11	11	0	0	0	0
b4def4806c5	13	116	103	13	2	1	0
7a7e88d44ba	19	2	1	1	0	0	0
045bd4c7a49	21	19	19	0	2	1	0
55c65cc2d55	15	65	56	9	10	0	0
4b19bd28967	09	2	1	1	1	0	0
f72ac17c892	12	134	54	80	2	0	0
95638c9b0d3	12	70	69	1	4	0	0
b58db3cd737	20	17	16	1	1	0	0
93533e98f76	11	20	10	10	1	0	0
1eb1e0a9af9	08	1	1	0	1	0	0
f9456a2d365	22	31238	30865	373	2	1	0
479b0b4e543	22	100	30	70	1	0	0
3c9c920f570	22	241	241	0	1	1	0
21e60643b07	13	82	82	0	4	1	0
8d9493c315a	14	26	25	1	2	0	0
b8a8e5558d7	09	30	20	10	2	0	0
6f07d2fa1bb	03	2	1	1	1	0	0
06526a2a937	15	28	6	22	3	0	0
299cf84490a	23	1	0	1	1	0	0
150d6f12494	22	25	15	10	3	0	0
8e6706ea95c	22	9	7	2	1	0	0
b33a47ef473	22	17	15	2	3	0	0
1e99486cc83	02	6	6	0	2	0	0
de9a444ab4c	21	2	1	1	1	0	0
437c2f43833	17	1	1	0	1	0	0
93533e98f76	11	20	10	10	1	0	0
1eb1e0a9af9	08	1	1	0	1	0	0
f9456a2d365	22	31238	30865	373	2	1	0
479b0b4e543	22	100	30	70	1	0	0
3c9c920f570	22	241	241	0	1	1	0
21e60643b07	13	82	82	0	4	1	0
8d9493c315a	14	26	25	1	2	0	0
b8a8e5558d7	09	30	20	10	2	0	0
6f07d2fa1bb	03	2	1	1	1	0	0
06526a2a937	15	28	6	22	3	0	0
299cf84490a	23	1	0	1	1	0	0
150d6f12494	22	25	15	10	3	0	0
8e6706ea95c	22	9	7	2	1	0	0
b33a47ef473	22	17	15	2	3	0	0
1e99486cc83	02	6	6	0	2	0	0
de9a444ab4c	21	2	1	1	1	0	0
437c2f43833	17	1	1	0	1	0	0
72dcc26c7af	10	11	8	3	1	0	0
d78a3787d26	14	26	25	1	2	0	0
5d178188a7c	09	30	20	10	2	0	0
dde590d8b93	03	2	1	1	1	0	0
3a280b2034e	03	95008	45225	49783	830	91	17
8ae32a98642	13	3	1	2	1	0	0
820aaf5b3d2	21	95	61	34	12	0	0
4394c8a9b38	13	146	44	102	1	0	0
6f952845a6b	23	6	3	3	1	0	0
13553c13328	11	12	7	5	1	0	0
a367f62adfe	11	60	59	1	2	1	0
48675784fe6	12	6	6	0	1	0	0
885142a5edc	11	14	10	4	1	0	0
17fbdc18b8c	14	56	45	11	3	1	0
3f3a71e61e9	11	6	6	0	1	0	0
bd24ab2bd78	13	58	58	0	3	1	0
c7214fe3555	13	22	13	9	3	0	0
5e24adbb90d	13	10	7	3	1	0	0
67e078094b5	12	143968	116944	27024	696	252	34
490d5ab7808	12	37	9	28	2	0	0
f68a116c3c0	22	37	37	0	1	0	0
70f198ddb1b	20	15	15	0	3	0	0
7989f42f866	04	4	1	3	2	0	0
23dfa71dd53	06	63	38	25	5	0	0
c30cc4e3a5e	01	36	8	28	2	0	0
e87ceb2b427	00	233	151	82	1	0	0
ad15d75750d	00	4	4	0	1	0	0
8eb76075cf5	00	7	3	4	1	0	0
f6ea0c203aa	22	20	12	8	3	0	0
a3dca9a3a68	20	2	1	1	1	0	0
91b4a561dfb	20	3	0	3	1	0	0
1f17f88071c	17	52	30	22	4	0	0
6bd78fd7704	21	2	1	1	1	0	0
bd8a5755dce	13	2	1	1	1	0	0
a2eeb43deda	13	85	84	1	3	2	0
3421d29d631	22	2	1	1	1	0	0
bbd56d881db	12	87	87	0	4	2	0
2b6e078833b	12	154	91	63	2	1	0
d23ac0ea9cb	21	63	63	0	3	1	0
010222d39fb	13	407	403	4	7	3	0
4dc6f4adf48	19	6	3	3	1	0	0
1f2f3fa83a9	02	171	89	82	3	0	0
09c51d5e40a	22	6862	3420	3442	2	0	0
6514a4128c3	12	5	4	1	1	0	0
74d9aa49d57	10	106	86	20	4	0	0
023f0a3122d	15	7	4	3	1	0	0
8c303115f5e	15	10	8	2	1	0	0
cda41f8775e	11	4	2	2	1	0	0
db5abd726f6	17	77	35	42	3	1	1
262a752c294	17	102	73	29	4	1	0
f057c7049ee	16	7	4	3	2	0	0
2eaef9f6daf	22	4	4	0	1	0	0
9e32a7daaa6	16	26	24	2	2	0	0
658aeb2ca0f	02	2	1	1	1	0	0
84c03a984a5	14	16	15	1	4	0	0
de8c0a51a7a	22	2	1	1	1	0	0
3ac69469991	00	15	15	0	1	0	0
d29fe0f2c66	23	14	7	7	1	0	0
bd9c66668c6	13	83	55	28	2	1	0
1394d5856b4	15	1	1	0	1	0	0
a763db8fc0c	15	43	16	27	1	0	0
85c8eeb8389	00	1	0	1	1	0	0
5235d71f895	10	27	18	9	1	0	0
27f115d7154	09	62	31	31	17	0	0
c0d62c207ee	09	18	10	8	2	0	0
fd819efbdfb	20	8	5	3	2	0	0
09724b311ee	21	135	76	59	21	0	0
f230a1cf749	01	59279	31694	27585	477	64	21
a12870c823b	22	6861	3419	3442	2	0	0
d4c09f20c8d	22	24785	24785	0	1	1	0
e159073da59	22	100	30	70	1	0	0
5ab863de226	22	241	241	0	1	1	0
3dcc9b93e1e	21	11	0	11	1	0	0
146b2e267b5	21	3	2	1	0	0	0
0619467bd34	20	50	18	32	9	0	0
3facd4e1dc4	16	3	3	0	1	0	0
10cf8ade635	11	2	1	1	1	0	0
515607a7402	07	53	51	2	2	1	0
7acdabbf500	21	2	1	1	1	0	0
962686b67b9	20	30	16	14	1	0	0
df3537102b9	14	3	2	1	1	0	0
c4def505cb3	19	149	77	72	4	0	0
0c5981b2263	09	30	17	13	1	0	0
4c0195e0340	12	61	16	45	4	0	0
610022851aa	12	47	47	0	5	1	0
808a968409b	11	6	3	3	0	0	0
0079e575e03	11	27	12	15	1	0	0
11895717449	11	6	3	3	0	0	0
ef4a35bca5c	22	22	15	7	4	0	0
91a0e52c03d	11	2	1	1	1	0	0
78fe7d0592c	17	3	3	0	1	0	0
a2d1cbef6ba	11	60	53	7	2	0	0
ceb8740a636	10	61	30	31	2	0	0
4234bcce486	00	40	36	4	2	0	0
ca363cf1ae9	21	173	64	109	6	0	0
5bc5210b923	10	7	2	5	1	0	0
5ef03bc3eed	10	57	33	24	1	0	0
9a3a0ccc502	08	9	8	1	1	0	0
56c5806da36	11	1	1	0	1	0	0
45885a1e8c3	09	37	36	1	2	1	0
527cae22ff8	09	16	8	8	1	0	0
ff1efdd6eea	12	1	0	1	1	0	0
51cdce8322b	12	112	71	41	1	0	0
9777890f5d9	15	2	1	1	1	0	0
406846fcc51	17	23	19	4	1	0	0
b011811a9ff	09	48	46	2	2	1	0
d97ea06d885	12	7	7	0	1	0	0
58729f1bcdc	17	5	2	3	1	0	0
f649626c6fa	09	70	49	21	1	0	0
9566fe82cdd	08	22	17	5	1	0	0
57231d5286b	04	58	58	0	3	0	0
6820054d2d4	10	23	23	0	1	0	0
b7f36e187d1	06	13	13	0	1	0	0
f311963ff94	00	2	1	1	1	0	0
994ce4c99fb	08	7	4	3	1	0	0
c79d5163e53	10	452	297	155	12	2	0
14687ebfc0e	14	552	52	500	19	0	2
75ea566f5ab	12	2	1	1	1	0	0
7ac23910c52	20	15	15	0	3	0	0
03738183c74	04	53	42	11	2	0	0
a0f79867dcc	03	27	27	0	2	1	0
7c554a5cd0f	10	10	7	3	1	0	0
9fad8e5dc44	12	6	3	3	3	0	0
204228b57f0	08	2302	1151	1151	14	7	7
b89b97ddedc	18	73	44	29	5	0	0
756b6222956	22	4218	2517	1701	45	4	0
81655a224a3	00	38	11	27	3	0	0
6df4741f840	19	6	4	2	1	0	0
b4b3a4deaff	18	138	69	69	2	1	1
7494c84fe6f	12	634	347	287	49	0	0
358c2901567	07	1	0	1	1	0	0
ed8d97f572f	22	2605	1407	1198	77	0	0
185c515c9fe	14	255	138	117	3	0	0
d6fb764cc2b	17	4	2	2	2	0	0
c5ed96a4b12	12	6	3	3	1	0	0
10ccbd501f8	21	1	0	1	1	0	0
bbed881ec41	21	103	5	98	2	0	1
4915884da69	09	103	98	5	2	1	0
a9eb96d0201	12	2	0	2	1	0	0
653f62a709c	12	46	25	21	4	0	0
8e596c4e15f	12	4	3	1	2	0	0
21911db392d	12	5	2	3	1	0	0
699f636d975	11	2	1	1	1	0	0
29d3624daed	19	53	53	0	2	1	0
8d567f43d01	14	30	14	16	1	0	0
556b890ad91	12	1	1	0	1	0	0
3a87b31bfa0	12	19	0	19	1	0	0
0523da64d2a	11	2	1	1	1	0	0
9fc006618ff	22	9	3	6	5	0	0
9ac75d1f06d	13	48	5	43	3	0	1
48976d29f4a	00	4	1	3	1	0	0
2891790dbdc	12	8	1	7	1	0	0
bc28acdd029	10	18	17	1	2	0	0
8d42c6344b7	01	39	30	9	2	0	0
3e25ed905cf	14	6	3	3	1	0	0
0c2960ef4ab	00	61	57	4	3	1	0
f55aca65154	14	2	2	0	1	0	0
ec548734cae	14	4	3	1	1	0	0
9475ee41ad3	14	9	8	1	1	0	0
a1ea8a27e6d	20	5	3	2	2	0	0
0aa13357d67	17	26	15	11	2	0	0
7a3f7780dc9	17	23	23	0	2	0	0
9c59978f495	14	13	8	5	1	0	0
98c54246c20	12	31	18	13	1	0	0
dce02a10557	21	2	1	1	1	0	0
2669966e767	21	121	67	54	4	0	0
d684f50acba	15	3	0	3	1	0	0
d2b80b8a60b	10	65	34	31	1	0	0
ffc5d83568c	09	9	5	4	2	0	0
d4ad5d1151d	21	48	24	24	2	0	0
4901353b982	21	345	174	171	2	0	0
624938d0529	20	2	0	2	1	0	0
5725864dfdc	18	88	38	50	4	0	0
e0a8e1bf77e	18	257	0	257	2	0	1
6cd7fd7d243	15	75	33	42	2	0	0
4ffa943c3f2	15	11	6	5	1	0	0
2b5b37a3abd	21	5	3	2	1	0	0
a20d565d9c4	00	8	6	2	1	0	0
f69be329f0d	14	15226	8426	6800	216	18	5
39aa894035f	13	14	8	6	0	0	0
c937f5b5874	09	32	18	14	0	0	0
52e47b24b37	11	433	217	216	0	0	0
d046e9d0330	11	6	6	0	0	0	0
c75251ced21	11	6	5	1	0	0	0
f9b7714b4b3	20	19	9	10	4	0	0
f548433195b	05	4	2	2	1	0	0
78f709d0d43	15	7	6	1	1	0	0
1449739de00	02	72	47	25	2	0	0
41ec6d0580d	00	61	57	4	3	1	0
f674b09f40d	19	1259	747	512	29	0	0
b9150344ac3	19	11	6	5	1	0	0
d24decb87ba	16	20	0	20	9	0	0
54a9ec4ef09	15	30	19	11	3	0	0
da5ad92ab22	15	156	84	72	3	0	0
4692b725dea	12	6	3	3	1	0	0
c079f6e2104	12	10	4	6	2	0	0
b8a7eedea32	15	7	3	4	1	0	0
45d056ee695	13	4	2	2	1	0	0
576496632c9	13	2	1	1	1	0	0
222e5239fc5	00	8	6	2	1	0	0
5383e758852	20	19	9	10	5	0	0
d4cc30f18c2	20	19	12	7	5	0	0
350fc8064e3	23	15	5	10	1	0	0
78d90945d6c	21	44	19	25	8	0	0
e772a7deaf8	11	2	1	1	1	0	0
9e1eb361e8d	14	4	3	1	1	0	0
98db7babccf	14	6	4	2	1	0	0
fc6f8a69438	12	50	46	4	2	1	0
a622bde9e62	10	10	6	4	0	0	0
1ef1be376c1	10	1	0	1	1	0	0
02cab974906	21	259	129	130	22	0	0
847c6d980c8	20	59	29	30	1	0	0
3398cce1934	03	157	93	64	1	0	0
6327d67be3a	12	64	52	12	2	0	0
dce26ccea16	12	12	12	0	2	0	0
2cd7adc7f44	19	16	14	2	3	0	0
3ff2cbc892c	21	617	516	101	25	1	0
4cc57b4aca6	18	61	29	32	2	0	0
8111ca2f9fd	19	174	89	85	3	0	0
71b3138925f	19	1	0	1	1	0	0
511af4dd5fb	19	26	14	12	4	0	0
2fc47ab10bd	15	14012	12319	1693	209	113	1
dc9acd4faeb	11	2	1	1	1	0	0
6bd922fce83	22	68	49	19	5	1	0
34b0a36120a	03	119	7	112	5	0	2
1bd711c8a09	19	25672	21645	4027	309	159	4
c13bfdc0913	14	8	8	0	2	0	0
8f571b52a74	17	4	0	4	1	0	0
e5233939be1	12	100	100	0	2	2	0
04f87de3da3	10	187	117	70	4	1	0
2b569deed32	09	1	0	1	1	0	0
4881a6a9a3b	22	2	1	1	1	0	0
015ec05272c	22	8	4	4	1	0	0
0de5b831e2e	21	4	4	0	1	0	0
e4363145bad	10	5	4	1	1	0	0
44ed42bd971	20	18	10	8	2	0	0
0330bdf5195	16	839	408	431	38	1	0
457d5292415	16	3	2	1	1	0	0
4b279f00921	10	39	19	20	3	1	1
d8240769c65	16	10	0	10	1	0	0
e20811a6288	15	25	11	14	1	0	0
ed806385bfd	11	16	8	8	1	0	0
e3bb6e11c3b	02	17	16	1	1	0	0
254b7111559	19	5	2	3	1	0	0
14f45ba739a	10	550	275	275	4	2	2
d75f67f949f	21	207	103	104	3	0	0
e1fe8d4ec08	21	93	26	67	7	0	1
ca9eb718fbf	21	1522	733	789	25	0	0
0161ec87af3	21	120	28	92	8	0	0
d4c14c1fe54	21	66	63	3	3	1	0
0e48cb4998a	19	10521	5368	5153	138	14	14
221c689ebba	02	19	12	7	3	0	0
d11e7c20750	10	4	2	2	1	0	0
2bedf6efb16	20	16	11	5	4	0	0
db13983e688	13	1	1	0	1	0	0
2b7d86ec736	10	13	10	3	1	0	0
e0c4fba0ac2	18	6	4	2	1	0	0
2c47030174b	12	62	12	50	3	0	0
fa46483fe20	22	24	15	9	1	0	0
c679ac8f008	13	105	46	59	5	0	0
8a65df9baa9	07	16	8	8	2	0	0
6acde2152fa	12	22	11	11	5	0	0
636ca7c6841	12	88	55	33	8	0	0
3220bc4254f	16	42	23	19	1	0	0
58e4edaf685	20	648	646	2	5	3	0
0181fee411e	16	4	3	1	1	0	0
7684e0b554c	02	206	111	95	1	0	0
d2d07421cad	20	15	15	0	1	1	0
0693d22f86d	06	383	34	349	4	0	2
c56a96c25ca	05	4	4	0	1	0	0
8985bb8bfd0	05	32	18	14	1	0	0
110a9cd8db5	02	5838	2235	3603	43	0	3
9b3de60d353	12	43	8	35	1	0	0
588040d20d8	02	17	16	1	1	0	0
704fd8f3745	15	183362	168948	14414	1178	837	3
806e3008784	00	1	1	0	1	0	0
92903850579	10	2	1	1	1	0	0
cf6acf2a1a8	01	4	2	2	1	0	0
c1bf89df2e9	23	11	5	6	1	0	0
ca3976726b1	22	10	0	10	1	0	0
a0b6df080d2	10	13	4	9	0	0	0
3fac4157fef	09	2	1	1	1	0	0
b255f4c10a8	21	12	11	1	2	0	0
157d2bcc04f	11	4	3	1	1	0	0
b9165252e3a	21	114	44	70	13	0	0
41fc46e52ff	20	621	610	11	7	1	0
0581f5cb604	23	2	1	1	1	0	0
70a75cd41e2	23	3	3	0	1	0	0
10133aaa467	18	92	92	0	1	1	0
48476273eb1	20	68	38	30	3	0	0
3b0a759b6ba	22	5	3	2	1	0	0
393d33e7ea4	22	28	15	13	2	0	0
2dbc5ea1b44	18	26	16	10	2	0	0
6dd78074a3c	21	28407	17490	10917	311	30	3
82b3524bce8	21	16	16	0	2	0	0
4bb4f734b3d	14	46	23	23	2	0	0
8a3d0c8b910	18	8	7	1	1	0	0
414a909d014	21	12	0	12	1	0	0
a7820a15e7e	10	262	110	152	7	1	1
c188a751031	19	2	1	1	1	0	0
36ebff0470e	19	5	2	3	1	0	0
ef0926ce428	19	5	1	4	1	0	0
d02f2282635	19	71	36	35	1	0	0
7890a69e4d8	18	24	24	0	1	0	0
448adaa4563	18	36	7	29	9	0	0
4d68daea0f3	15	78	44	34	11	0	0
9826b154939	14	2	1	1	1	0	0
fda2b319dc8	19	89	87	2	2	1	0
e761ac2306e	18	26	16	10	2	0	0
89dcf225260	11	1	1	0	1	0	0
d820b644121	13	22	22	0	3	0	0
f59ab10a641	15	29	16	13	3	0	0
22533c035d0	11	44	32	12	2	0	0
7124387b341	20	121	40	81	4	1	1
b3d1e504f4a	18	60	60	0	4	1	0
6902f6536ce	20	3	1	2	1	0	0
3afa5e6b714	19	5	5	0	1	0	0
f13a3fd2af3	10	3	2	1	1	0	0
9498fd15c70	23	1742	964	778	55	4	4
e72cd415adf	13	364	313	51	2	0	0
21bd4567639	18	94	92	2	2	1	0
69572a39658	04	12	8	4	1	0	0
7bfcaa8f911	04	8	5	3	1	0	0
7349667467f	02	8	2	6	1	0	0
0c405cff684	18	26	16	10	2	0	0
7ee538ddfe1	01	12182	9030	3152	196	14	0
2cf7e5de6f0	14	66597	43728	22869	463	0	17
ab518e88316	10	223	221	2	3	1	0
b5c172138c8	21	100	98	2	2	1	0
4c1bb832afc	18	26	16	10	2	0	0
2f75785c015	20	12410	8605	3805	220	7	1
179784e31e7	12	66597	43728	22869	463	0	17
d3ddee61c2f	12	6	6	0	2	0	0
4fdb8acdaef	12	65025	22083	42942	463	17	0
626d7abdb43	10	2	1	1	1	0	0
45ed5460093	20	21	10	11	1	0	0
872e720c9f1	20	252	126	126	2	1	1
5a16d258efa	20	77	0	77	1	0	1
41b75ca9263	12	774	253	521	1	0	0
cf0fa96db84	15	63	53	10	3	0	0
2efb6cf0cfb	18	26	16	10	2	0	0
223607c90f8	12	20	7	13	0	0	0
a835a2fc47d	20	1	1	0	1	0	0
92023b4b37a	22	37	37	0	2	1	0
600cd28167b	21	5	3	2	1	0	0
2e70ddad9d8	21	5	3	2	1	0	0
f044a6f3faa	14	3	2	1	1	0	0
c7d7072e603	18	26	16	10	2	0	0
9f682265d66	14	27107	15759	11348	286	31	0
0801a188907	21	35	31	4	2	1	0
ccd37226c6d	20	27	25	2	2	1	0
d58ee7e5c72	20	6	6	0	1	0	0
afbaddecd37	19	11	6	5	1	0	0
78c5de598bb	18	11	4	7	1	0	0
31d0d5af8e3	14	51	34	17	1	0	0
38149bb048d	13	63	63	0	2	1	0
212eb8a52e8	11	14	6	8	1	0	0
dbbfbe74caa	11	5	3	2	1	0	0
cd96f0aba8f	13	2	1	1	1	0	0
0d5595ac602	11	426	5	421	4	0	2
eeb4c3216d9	23	4	1	3	1	0	0
7357bcb7275	18	26	16	10	2	0	0
587e83c6d6f	18	9759	6251	3508	200	22	0
e8c01739cd6	22	8	8	0	1	0	0
b9655fc7581	23	4	3	1	1	0	0
75463899c8e	00	8	6	2	1	0	0
9b8dd395536	00	8	6	2	1	0	0
3f091c72937	15	2	1	1	1	0	0
87f9ece3349	15	830	412	418	35	1	1
902d6cb6d76	19	4	1	3	1	0	0
982877ec856	23	181	154	27	8	2	0
8548920969d	22	3	2	1	0	0	0
a80a132b383	15	27	25	2	1	0	0
0e08e147c74	15	2	1	1	1	0	0
9352c198857	23	2	2	0	2	0	0
cfd0dca9ae0	23	83	60	23	6	0	0
84bb0ec6137	15	39	38	1	2	1	0
44843a60629	15	38	37	1	2	1	0
05bd6b7bcd5	12	28	28	0	1	1	0
690a8cce418	21	8	7	1	1	0	0
8632af381e7	13	1220	721	499	22	2	1
329b5388ba5	12	11	6	5	1	0	0
648a0726d01	18	283	182	101	8	0	0
628bd81afb7	14	14	11	3	2	0	0
132c77e9f96	14	13	13	0	1	0	0
e47a3e3ff44	13	114	98	16	5	0	0
3dac421393b	15	61	61	0	1	1	0
ad819bcc4bf	00	2	1	1	1	0	0
dc29d64983f	00	12	6	6	1	0	0
808b7ada07d	13	10	5	5	1	0	0
f5a337e09ca	22	35	17	18	4	0	0
2b5bc8e0d60	22	1	0	1	1	0	0
ca5022b8f10	14	51	31	20	2	0	0
e99dff46177	12	96	79	17	7	0	0
fa05e8a2706	21	23	4	19	1	0	0
7b7235a2324	22	11	11	0	1	0	0
9af0085f700	17	4	3	1	1	0	0
2c41a802829	15	3	2	1	1	0	0
da10bb85ff0	23	8	8	0	1	0	0
e325ace53c8	04	116	114	2	3	0	0
96a314b68b1	04	62	57	5	3	1	0
71694361f97	13	15	15	0	1	0	0
924f603e26b	13	10	7	3	1	0	0
fb3ec32b0ea	15	44	23	21	4	0	0
958ab661cbe	14	50	33	17	2	0	0
3d20905b705	14	12	7	5	3	0	0
3dbbfd78030	13	7	0	7	1	0	0
f7b06e0bbc2	15	8	5	3	2	0	0
532d9929c7e	05	293	210	83	4	2	1
ecf9f606c95	19	6	5	1	1	0	0
80ea63b9581	01	47	12	35	2	0	0
426cbedb44e	22	6	3	3	1	0	0
93156a60570	01	7	7	0	1	0	0
7189b3ed337	01	24	15	9	2	0	0
7707acd6efd	00	31	22	9	1	0	0
f26362e9381	12	2	1	1	1	0	0
c11612026fa	22	22	8	14	3	0	0
bb431531a37	01	78	41	37	7	0	0
c53b921648d	23	5	5	0	1	0	0
12d0f0bd3a6	16	108	54	54	11	0	0
d8790428602	15	1	1	0	1	0	0
522668b5d93	15	4	3	1	1	0	0
c6e2db2f14d	22	10	10	0	1	0	0
7bc449c0632	19	745	533	212	20	1	0
e505f91266c	18	3	2	1	1	0	0
c80bde1781a	22	2	2	0	1	0	0
d4a297ccb05	14	2	1	1	1	0	0
f80f3c5f62a	00	562	303	259	4	0	0
51f6e6a9b39	22	778	382	396	27	0	0
03fe7fb55cd	22	40	23	17	3	0	0
b15a10e7a01	21	36214	11466	24748	345	0	50
4231dab39f8	22	9	8	1	2	0	0
8df893c62e5	03	2	1	1	1	0	0
de9ee2a4830	03	510	338	172	19	2	0
22d3eff8f46	00	4	3	1	1	0	0
ef945219090	22	21	18	3	1	0	0
9d10bf58a3c	21	11	2	9	1	0	0
6ad792610b9	20	4231	2269	1962	45	5	4
57ef65916ba	13	2	1	1	1	0	0
0dcbecd32bf	00	1	1	0	1	0	0
3e2be6f39f7	18	2	2	0	1	0	0
aec6e939312	11	8	4	4	1	0	0
7bdd05bd666	15	148	110	38	7	0	0
2d069c52107	14	14	12	2	1	0	0
b1b7b4e4e80	14	51	22	29	1	0	0
3f7e88a852a	13	77	36	41	3	0	0
19d29aa0e81	18	6	4	2	1	0	0
f5f9e8da716	20	64	32	32	2	0	0
14a42450515	18	10	3	7	3	0	0
c7b84a1d01f	13	43	20	23	2	0	0
ed3d553d826	16	12	9	3	2	0	0
aff8d9e716a	16	36	10	26	3	0	0
d5a5ae3c11b	12	4	3	1	1	0	0
30b0bc4fa93	20	22	8	14	1	0	0
5a9d30bb866	20	64	30	34	2	0	0
fe103357aee	08	10	7	3	2	0	0
234551a22a1	07	57	54	3	3	0	0
144e21ed303	07	141	38	103	2	0	0
fd9d8b5e4ab	07	32	4	28	2	0	0
c4f418d035f	00	162	81	81	2	1	1
7b0770bff56	21	32	28	4	2	0	0
b58efe77094	14	63	63	0	1	1	0
01ee551e704	13	141	103	38	2	0	0
a86ebbe2885	21	1	0	1	1	0	1
6b99fd23237	13	6	6	0	1	0	0
8d14668992f	00	39	36	3	2	0	0
5fe05464cb4	11	3	1	2	1	0	0
cd42f56178c	23	98	68	30	3	0	0
3f65916fa99	21	37	22	15	3	0	0
6aed61f1cad	16	6	5	1	1	0	0
3fe6aba558e	16	14	8	6	3	0	0
9bd9c546c87	12	24	21	3	2	0	0
a39f669bc7f	11	124	62	62	2	1	1
acd0df4ad90	21	4	2	2	2	0	0
2e371b8f926	20	3	2	1	1	0	0
7f2a78bf4d4	14	11	0	11	1	0	0
00b4b7bb97c	21	9	4	5	1	0	0
193320aa3a1	10	1	1	0	1	0	0
4a7a98fd0ab	12	72	42	30	2	0	0
2cbf4586df8	00	71	71	0	2	1	0
814bdf0f51f	15	117	84	33	11	0	0
13d86a86d61	12	8	8	0	1	0	0
d7bf7ed9935	12	26	23	3	2	0	0
1c32eb4ae22	11	61	49	12	2	1	0
2dd373894f7	23	11	10	1	2	0	0
6b713b52537	11	23	22	1	1	0	0
8b0f3ce397b	00	3	3	0	1	0	0
30e237041d5	15	5	3	2	1	0	0
08ac9fe016e	05	77	77	0	1	1	0
498200b87c1	00	60	59	1	3	0	0
952e42de726	22	659	230	429	85	0	1
9668df8b394	22	9	9	0	2	0	0
f3e78bd3c21	15	70	69	1	2	1	0
e4598aa241d	12	4	3	1	1	0	0
e4f2a140d28	00	21	20	1	1	0	0
8018113910f	01	9	0	9	1	0	0
b509ae67b79	17	4	2	2	1	0	0
31fc52ab53b	12	1546	951	595	64	3	1
a6756a2c064	00	1	1	0	1	0	0
ed825f48886	23	29	23	6	2	0	0
7d66a9d0604	16	66	29	37	1	0	0
ad6769fc92e	03	35	35	0	2	1	0
7788a6bf85d	23	198	103	95	15	0	0
c7d7ae1fe2b	22	56	28	28	10	0	0
109f73b2c08	23	134	75	59	7	0	0
01c3d0aa888	22	71	37	34	12	0	0
6573fc35022	22	342	183	159	20	0	0
412b3cee053	22	8	4	4	4	0	0
5d0816bf3e5	22	16	9	7	2	0	0
879efb3338c	15	4	2	2	1	0	0
fa3bfc3a66c	02	12	11	1	1	0	0
4e1a2f9a89e	02	216	108	108	2	1	1
5664dd2fc1e	23	22	11	11	5	0	0
93591a2a883	01	9	0	9	1	0	0
aad2013508e	17	13	4	9	2	0	0
875c1106c67	16	272	0	272	2	0	1
ce1b33a9dc8	01	9	0	9	1	0	0
9e32c2ef3ed	16	65	62	3	2	1	0
acc085e1318	23	145	145	0	1	1	0
a7cc53067d6	16	313	217	96	6	0	0
c6e958d44d6	17	2	1	1	1	0	0
910e24b53da	17	87	0	87	3	0	1
a3297295371	00	134	77	57	2	1	0
d2e7ca04492	21	26	26	0	1	1	0
6ecb0cd65d2	15	19	3	16	1	0	0
d1556fbdd29	13	27	23	4	1	0	0
5a19c07c087	11	79	71	8	1	0	0
ba407ce4106	13	18	8	10	2	0	0
d607d856afc	06	104	0	104	1	0	0
8ccfed2edce	08	7	7	0	1	0	0
7b2ef2de208	14	2	1	1	1	0	0
53b826e6aee	11	2	1	1	1	0	0
ddb15603e74	10	2	1	1	1	0	0
2433ec82768	00	119	114	5	4	1	0
6cf68aead68	19	1601	1345	256	33	3	0
d65832ccd06	15	67	64	3	2	1	0
6e97b2cc178	13	57	55	2	2	1	0
65d824b4887	15	43	39	4	1	0	0
c79fd0e167f	20	8	0	8	1	0	0
5b656381242	17	232	231	1	6	4	0
3ece130ea21	05	376	316	60	3	1	0
c08e947fbdc	03	5	0	5	1	0	0
c81dec70e64	04	96	0	96	2	0	2
1f76a2eddc3	02	104	100	4	3	2	0
a80434736bc	02	86	57	29	2	0	0
9d02bfbc252	02	4	4	0	1	0	0
f8999da5143	01	13	9	4	1	0	0
e5649d4b3d0	02	17	11	6	1	0	0
22965da799e	01	6	5	1	1	0	0
121ed91331b	00	58	57	1	2	1	0
4cb17cb219b	14	52	51	1	2	1	0
aa3441ae45b	00	2	1	1	1	0	0
335f20896aa	22	6	2	4	1	0	0
8d2753c1412	15	2	1	1	1	0	0
a25ebb1997d	17	56	36	20	5	0	0
1e738c5ef2c	16	30	19	11	6	0	0
815a181d036	20	2	1	1	1	0	0
8ba1bec47d1	19	71	28	43	8	0	0
77168281661	18	151	119	32	9	0	0
38c52a0575f	14	1448	970	478	22	0	1
71ba7bc2a0b	22	72	0	72	2	0	1
b6a3b0a6297	16	57544	1150	56394	76	0	41
b6e989759bf	17	5	4	1	2	0	0
83e5e20c2c2	00	5	0	5	1	0	0
a7ac1a1d888	00	417	109	308	21	0	0
a6fef475ceb	14	3	3	0	1	0	0
2f5fa089e9c	00	9	9	0	0	0	0
ab1e66d93f4	22	568	495	73	23	1	0
a93424da4ae	13	6	6	0	1	0	0
570e4be932c	00	39	36	3	2	0	0
4b8629db371	22	10	0	10	1	0	0
28e6403a56b	22	8	8	0	0	0	0
de0303d3ad5	12	95	92	3	2	0	0
8ac017eba7c	13	4	2	2	2	0	0
160e4d05348	15	2	1	1	0	0	0
b6b881378ae	15	8	8	0	1	0	0
844a0058d0c	22	10	8	2	1	0	0
de18e29784b	22	38	20	18	1	0	0
82df345fbba	21	4	4	0	1	0	0
cb6d084d356	13	2	1	1	1	0	0
1205734e69d	12	26	18	8	0	0	0
28b0cc08b8c	21	100	0	100	3	0	1
4a23add90f1	13	17	12	5	1	0	0
2fbf0612a1f	00	18	16	2	2	0	0
14a6c4efb85	00	51	51	0	4	0	0
f53441ab1f5	23	48	48	0	4	0	0
61978f57e6c	23	9	0	9	1	0	0
d7c45ea7d03	12	26	13	13	4	0	0
6a128e037e5	22	62	61	1	1	0	0
e3ee289cca5	21	22	18	4	1	0	0
5823290390e	00	481	444	37	12	2	0
0ad005852c7	23	21	17	4	5	0	0
7394e89ff61	14	6	0	6	1	0	0
eec8c2edafd	22	54	26	28	1	0	0
76ddf06f108	00	50	42	8	2	1	0
16a9dac8ea7	22	14	13	1	4	0	0
da1f48328cd	22	2	1	1	1	0	0
621caa7bc5e	22	73	1	72	0	0	0
ee77a6a953c	21	21466	2062	19404	63	3	25
b0d04ffbd87	11	4	4	0	1	0	0
f624be40938	20	4	2	2	1	0	0
109f8e2773b	12	22	11	11	1	0	0
ec03c47c192	23	14	12	2	1	0	0
202ecbc9c7f	16	178	178	0	0	1	0
17ef062db1f	12	22	16	6	1	0	0
212466bea23	14	41	37	4	3	1	0
56668f54d11	23	11	11	0	1	0	0
b7fd55e9a0f	23	16	12	4	1	0	0
84221fd1d69	22	69	63	6	4	0	0
d0e6c3f5a64	15	43	39	4	1	0	0
bbf6b4ecbb5	12	26	18	8	0	0	0
c4aedf8a2ad	11	15	15	0	1	0	0
39a0836d5c9	15	46	45	1	2	1	0
96ca59fbf38	05	2	2	0	1	0	0
3806cf0d640	14	347	183	164	31	0	0
35607f3a2dd	13	155	131	24	38	0	0
db5c26e3b57	00	13	9	4	1	0	0
07804c7c9a4	23	119	81	38	3	2	0
bec863b7de8	14	19	1	18	1	0	0
dd1b9477063	14	1047	897	150	26	1	0
2c97da82f5e	12	5	2	3	1	0	0
10ba95c11a9	23	61	40	21	1	0	0
d3fa0dcb89d	15	4	4	0	1	0	0
58a5bc1ec70	15	13	8	5	1	0	0
988a164cd88	00	1	1	0	1	0	0
2fad7a8c1be	02	2	1	1	1	0	0
4870a4e3da4	00	11	10	1	1	0	0
c8c638a8419	16	13	9	4	1	0	0
eaf13431003	13	75	4	71	1	0	0
98d53ac51ea	13	67	67	0	1	1	0
5d9968f53dc	23	21	0	21	1	0	0
9a3521cb25e	19	150	149	1	2	1	0
790d651f0df	19	74	72	2	3	1	0
7b6d3cea2c1	14	41	30	11	0	0	0
2efa3ae64f1	13	2	1	1	1	0	0
19a432260cd	12	5	5	0	1	0	0
83b1dda12fa	12	30	27	3	2	0	0
7dfa587d18c	21	27	12	15	2	0	0
7d0543c1288	21	18	9	9	2	0	0
d1eff9ab68a	21	58	44	14	2	1	0
f03c3203a1a	14	18	8	10	2	0	0
870307de75b	11	2	1	1	1	0	0
6c5fdd52239	11	8	7	1	1	0	0
298f6bff5b7	22	16	10	6	1	0	0
4784ea1a29d	22	1926	1668	258	6	1	0
8bec26122d6	20	44	43	1	3	1	0
e4cef1a0833	00	4	2	2	2	0	0
27867374178	20	3	3	0	1	0	0
84590f3fe95	20	2	1	1	1	0	0
c4fa77a5ecd	20	2	1	1	1	0	0
422772f23be	14	4	2	2	1	0	0
1867511400e	08	2	1	1	1	0	0
badbd1af27f	20	51	33	18	2	0	0
63d13e86a58	11	74	71	3	4	1	0
7c75ca71828	11	4	2	2	1	0	0
2cdf427dce9	10	2	1	1	1	0	0
b1ffbdc975d	10	45	30	15	2	0	0
0844e2359bc	15	216	122	94	10	0	0
6c999fd2855	12	4	3	1	1	0	0
05b3f88064a	12	4	2	2	1	0	0
28d30346f44	12	4	2	2	1	0	0
916832cd2c4	11	2	1	1	1	0	0
2c13cbbc0b4	00	1	1	0	1	0	0
90ea68107a9	23	56	22	34	1	0	0
bcb5bdebe77	22	2	1	1	1	0	0
de32b38992b	21	13296	0	13296	51	0	51
786e1e87129	20	20	19	1	1	0	0
c492d43f481	15	2	1	1	1	0	0
100e163dda5	13	14	12	2	1	0	0
9f26130a0eb	13	68	35	33	3	0	1
6b18e88b68a	19	17	16	1	2	0	0
9693d3334c9	23	33	0	33	1	0	0
6b588007df6	23	19	9	10	1	0	0
67705555514	22	2	1	1	1	0	0
5fba3b85c5a	21	2	1	1	1	0	0
08b382c2fb8	18	4	1	3	1	0	0
4c150ca0d0c	21	382	98	284	7	0	1
2f7e0f2da6a	22	44	9	35	2	0	0
624788df7e7	21	2	1	1	0	0	0
3219616f43d	21	8	5	3	2	0	0
110e499fe7d	00	1	1	0	1	0	0
b21c8e0bfd7	00	6	3	3	1	0	0
974ee7b3ec5	14	20	15	5	1	0	0
93153776936	15	4	2	2	1	0	0
50e00de92a7	23	376	216	160	2	1	1
34c750d7a96	11	38	37	1	2	1	0
6db9e12de5e	10	54464	0	54464	209	0	230
53f3b128f5e	23	16	8	8	1	0	0
23f09d7e024	18	4	2	2	1	0	0
cccce60b3e9	11	2	1	1	1	0	0
de16da532e4	11	60	0	60	8	2	8
2eb6a62f4fa	01	3	3	0	1	0	0
aa0650f4444	23	46	43	3	2	1	0
879d329a5a8	14	171	116	55	7	0	0
d559bed0d59	12	4	2	2	1	0	0
f69234703f7	23	26	9	17	1	0	0
c3d4c3560ea	22	4	2	2	1	0	0
2a30d328fa9	23	197	96	101	2	0	0
105c6ec8d59	15	9	5	4	1	0	0
332fea5ac18	15	70	29	41	1	0	0
59b584c92dd	11	24	2	22	1	0	0
1513848f880	13	30	18	12	1	0	0
b2648934f01	16	21	14	7	1	0	0
5a5e128165e	22	6	1	5	2	0	0
98b1ce91f6a	21	2	2	0	0	0	0
beb7425c186	12	2	1	1	1	0	0
f6f2d42ee95	11	23	16	7	1	0	0
e8af3405574	00	15	12	3	1	0	0
acbfc408880	23	5	3	2	1	0	0
3a6314dbe15	16	42	42	0	3	1	0
5d97d727536	14	3	2	1	1	0	0
c6bb361b841	14	28	11	17	0	0	0
202df30aabc	13	25	14	11	2	0	0
b40f813bab5	01	23	8	15	1	0	0
63c2391984b	14	2	1	1	1	0	0
5b5362aa8d8	14	64	53	11	3	0	0
26f1bc8e8c7	14	6	2	4	1	0	0
0c47219a72f	20	13	8	5	2	0	0
4fbe7a5fabb	12	4	2	2	2	0	0
fc4e12b8f1d	18	25669	2969	22700	598	4	580
5da78905a6c	18	954	478	476	4	1	1
b1cce046467	13	10	5	5	1	0	0
b731c966792	13	9	3	6	0	0	0
a0add919873	13	14	3	11	0	0	0
a25a27817fc	22	24	4	20	4	0	0
b53cd9798f9	18	28	28	0	1	0	0
f78ce087ba1	15	34	18	16	0	0	0
f3150292687	02	63	42	21	0	0	0
7e5aeac28f0	01	378	233	145	7	1	0
b9abb64fbb1	00	2	2	0	1	0	0
fee02db7051	15	16	13	3	2	0	0
2d0011f5325	02	6629	3441	3188	40	10	9
6531f187d87	17	21	18	3	1	0	0
be3afd0becd	01	16	2	14	1	0	0
d5f13f6c080	23	9	5	4	0	0	0
f00c8bcef85	22	8	1	7	1	0	0
1e50282ae86	21	88	36	52	6	0	0
06c82c50697	14	2	1	1	0	0	0
57276ae70ad	01	15	6	9	1	0	0
07e5877144d	00	16	11	5	0	0	0
5a2cc626b2e	00	16	11	5	0	0	0
6003912f81c	14	6	3	3	1	0	0
c40875ee13d	00	2	1	1	1	0	0
1bf704a571b	15	2	2	0	1	0	0
8708bb02803	13	3	1	2	1	0	0
ef1ffcb717a	13	48	14	34	3	0	0
f0ce98441ff	20	115	52	63	8	0	0
d98a8578d62	00	73	73	0	1	1	0
09150b06169	16	30	9	21	2	0	0
067be2b3fe2	20	11	10	1	2	0	0
8966480c0e3	15	10	5	5	1	0	0
7de6eba0616	11	92	45	47	2	0	0
1b22f5376bd	23	76	75	1	3	1	0
f405517de12	15	258	257	1	3	1	0
f80513974ec	13	10	5	5	1	0	0
ff552ddbaa3	02	19	11	8	2	0	0
eef57dddf45	00	272	136	136	50	0	0
8963a5228df	20	13	8	5	1	0	0
900196e1350	19	135	86	49	2	0	0
0385b17ce06	14	9	3	6	1	0	0
408bfece510	13	14	8	6	1	0	0
26f754d9ddc	01	26	13	13	1	0	0
1fb9cfcdb19	01	26	13	13	1	0	0
463d6bac8b3	19	91	53	38	2	0	0
c381662cac0	19	2	1	1	1	0	0
5f411405356	03	284	221	63	5	0	0
cb76999bad6	15	23	18	5	5	0	0
0a2076b26ac	13	2235	1560	675	45	7	0
27061cc9f45	14	40	29	11	2	0	0
cc0e7efb376	13	2	2	0	1	0	0
f0a561fe67d	13	10	5	5	1	0	0
eabf3c8d0f4	01	26	13	13	1	0	0
b337577cf1b	23	2	1	1	1	0	0
fa9aa1c9611	11	44	29	15	2	0	0
0bd410a66a3	22	3	1	2	1	0	0
0fd28345392	22	56	38	18	7	0	0
578f69bcf49	12	217	123	94	6	2	1
5ff2ae8389c	17	2	1	1	1	0	0
7535e3930a6	17	109	109	0	1	1	0
078763a94c6	12	2	1	1	1	0	0
1358bac6d12	02	658	448	210	12	1	0
0888cdd4123	00	2	1	1	1	0	0
989ae81c713	16	6	4	2	1	0	0
039fac633ea	05	4899	3559	1340	86	5	3
ca642b020db	22	67	67	0	1	1	0
18b94ea838f	04	18	10	8	1	0	0
05b81f333c8	14	5	2	3	1	0	0
9ae6d8fee34	20	62	62	0	2	1	0
e813e3491e3	15	6	5	1	1	0	0
88d7a101283	22	58	58	0	1	1	0
5f0406534ca	16	254	252	2	7	2	0
636add246ca	16	22	11	11	2	0	0
a3908f47f15	14	2	2	0	1	0	0
4ec77e2e286	14	22	11	11	2	0	0
f66f793c07e	02	14	7	7	1	0	0
25aea2a072a	02	1	1	0	1	0	0
d2eaabd0dff	02	6	3	3	1	0	0
9b42d7daaf2	15	56	56	0	1	1	0
bd907174e80	05	57	57	0	2	1	0
884499d37e7	01	43	21	22	0	0	0
12fc9fa8a7b	02	27	27	0	1	1	0
68f63fe9ec2	14	11	4	7	1	0	0
928d28a7b32	14	11	10	1	2	0	0
3883f22ad18	21	4	2	2	1	0	0
7d2e68fdbde	04	15	9	6	2	0	0
ee437c0557c	15	366	297	69	4	0	0
78e831a31c0	14	7	0	7	3	0	0
e02af94947b	20	50	50	0	1	1	0
e4a8d2617b4	05	89	89	0	5	3	0
df2c5fa81db	23	96	81	15	2	1	0
4e290e48b21	23	115	89	26	2	1	0
47d6a946562	02	77	71	6	2	1	0
6b426a2edd6	22	8	0	8	1	0	0
880219645e3	16	167	62	105	2	0	0
b45a10818e5	12	11	6	5	1	0	0
e747daf6042	12	26	13	13	1	0	0
75c6255d167	22	1	0	1	1	0	0
89e311b1aee	22	75	61	14	3	0	0
12a90e98bfc	21	127	127	0	1	1	0
4e84dfa6830	18	19	19	0	1	0	0
5648d95c4a5	11	1	0	1	1	0	0
48cdbffd24f	02	19	14	5	1	0	0
ebfb8a5613b	01	25	21	4	1	0	0
4359e8154d4	01	26	13	13	1	0	0
a64acd8baad	13	45	45	0	1	1	0
c21c51a6fce	23	8	8	0	1	0	0
c56d1559fc4	19	10	2	8	2	0	0
21d26839762	15	56	27	29	1	0	0
3f4261276e3	21	12	4	8	1	0	0
c945eae9421	21	4	3	1	2	0	0
d03b80bc121	21	53	53	0	2	0	0
b7b7b29f509	12	17	0	17	1	0	0
16fca262be5	17	8	5	3	2	0	0
916b5d1fffd	23	215	22	193	2	0	1
6cbed959e6d	22	570	296	274	2	0	0
2639566c6e6	21	63	23	40	2	0	0
3694b6914a6	14	821	544	277	3	2	0
0f9d2011833	14	838	561	277	3	2	0
30e7fb73070	13	237365	176547	60818	1445	780	120
aa5961a445a	18	4	2	2	1	0	0
e9dcfd4bd28	22	2051	798	1253	41	0	8
0db4dc0024e	21	2049	1252	797	41	8	0
92c0c6953a0	21	1	1	0	1	0	0
ffee8739417	21	5	4	1	1	0	0
7bdeed20399	23	2	1	1	1	0	0
a4a04f932ed	23	12	11	1	1	0	0
dee8c515478	21	12	4	8	1	0	0
bc834c395b4	20	4	4	0	1	0	0
c26a0b5aab2	20	4	2	2	1	0	0
7c02b5a58d7	14	34	11	23	1	0	0
1ab95a536ab	13	69	33	36	2	0	0
1e13a2d242b	01	97	15	82	1	0	0
08032efed00	00	178	178	0	3	2	0
a58659cd4a6	13	10	7	3	1	0	0
9d1fde75190	14	6	3	3	1	0	0
036d907df70	14	27	14	13	1	0	0
30059652664	14	6	3	3	1	0	0
1a49df5fa94	13	6	3	3	1	0	0
9eacf93928f	13	21	10	11	1	0	0
f86359cc3fa	12	11	6	5	1	0	0
32b2964eed1	12	66	5	61	1	0	0
17524432ff5	23	12	6	6	3	0	0
db0a1dc7d9a	12	7	0	7	1	0	0
8c97ad4c30e	12	2	1	1	1	0	0
6986d9316c7	12	8	2	6	1	0	0
b82b4f2993b	12	39	19	20	2	0	0
0f0557d78df	12	2	1	1	1	0	0
11770bf5e23	15	126	63	63	2	1	1
daa6b95b08e	15	140	70	70	2	1	1
5e7cb68be98	14	108	0	108	1	0	1
b031671138a	23	6	3	3	2	0	0
285d8c65891	23	1	1	0	1	0	0
ea44d3031d1	14	5	4	1	1	0	0
d8c4ecea0b0	16	23	14	9	1	0	0
44527e60237	14	67	58	9	3	0	0
761a82bc9a3	23	12	9	3	1	0	0
78dc13fbf97	23	21	16	5	2	0	0
f9aa01de326	23	3	2	1	1	0	0
1a979986448	22	6	3	3	1	0	0
7fc835afe36	22	143	107	36	2	1	0
531eba18a67	22	2	1	1	1	0	0
4472f7bbc3f	01	91	13	78	1	0	0
79cbe1fdbbf	00	226	120	106	5	0	0
407ecc6b5f9	00	2	1	1	1	0	0
ff4a9d381d2	23	258	129	129	43	0	0
8c02f9b7c84	14	53	46	7	4	1	0
2589d556119	14	41	28	13	2	0	0
296b7a580b1	17	121	94	27	4	1	0
9d72a742e3c	17	985	806	179	31	2	0
544e5ee1fbd	17	109	109	0	1	1	0
5ebc05f5601	16	6	3	3	0	0	0
5062741bd7a	15	19	11	8	0	0	0
c97b4f1971d	15	6	0	6	1	0	0
e0796b6f1f8	14	118	110	8	10	2	0
30b29d8f874	01	48	27	21	1	0	0
0613af0a20c	15	26	0	26	0	0	0
3aa2fd3b2cf	16	58	44	14	4	0	0
bab59f33e7e	15	7	4	3	1	0	0
ebb79cdabaa	13	8	0	8	1	0	0
af7960b2952	17	1747	1007	740	24	2	1
90fd70d284b	02	3	1	2	1	0	0
b92a919500d	12	9	1	8	3	0	0
3502e45b6c0	00	5	4	1	1	0	0
defa637378a	00	60	60	0	3	1	0
b9127eb0a5d	12	12	10	2	2	0	0
f116e17a230	16	5	3	2	1	0	0
86f4846c216	17	37	28	9	2	0	0
de5e3f6a6f5	22	143	75	68	3	1	1
f0c5165f81e	15	2422	1801	621	5	2	0
999757983c8	12	4	3	1	1	0	0
7f4aba91d31	12	42	39	3	36	0	0
4af673e1611	10	5499	3953	1546	130	80	2
96a137a18a0	21	147	103	44	1	0	0
23c4278e069	22	62	32	30	1	0	0
30e462e9193	19	293	210	83	4	2	1
2c077128603	23	5	5	0	2	0	0
3415427dbfb	18	191	191	0	5	1	0
6141386f7ea	23	5	5	0	2	0	0
0685707bc64	15	10	2	8	2	0	0
a27320e00f1	15	655	270	385	21	1	1
d3f6b094c71	13	1	1	0	1	0	0
a8f357629d6	17	9	3	6	1	0	0
38eec57aefd	16	7	7	0	2	0	0
cacd3ae004d	05	77	77	0	1	1	0
81d18398a8a	22	49	49	0	2	2	0
09c296b44da	22	2	1	1	1	0	0
832efb1e011	16	61	0	61	1	0	1
74a8215a869	15	2682	419	2263	44	0	13
7543c38dca2	22	1	0	1	1	0	0
7e40c7ddc93	21	32	31	1	2	1	0
f101f7c9bab	21	88	42	46	2	0	0
3deceaf6e73	21	4	2	2	1	0	0
a9723df1b76	21	4	2	2	1	0	0
03c4aa6aefa	15	1	0	1	1	0	0
279e7e7341d	00	84	63	21	3	0	0
88b919ea561	23	56	56	0	2	1	0
b221fe9b29f	22	68	67	1	2	1	0
4b6164ab491	00	18	9	9	1	0	0
22e23473ea7	23	35	33	2	1	0	0
14b7c4327f4	21	324	295	29	14	0	0
8a413b076eb	21	143	141	2	3	0	0
352febe2519	23	8	8	0	1	0	0
f89beaf3ac8	22	4	3	1	0	0	0
e806ad39d0c	14	19	8	11	3	0	0
2775c0e97eb	22	70	27	43	3	0	0
46e86aa8034	22	37	33	4	3	0	0
986e6125573	21	146	123	23	8	0	0
57ddf5f50ae	21	6	3	3	2	0	0
aef62a03ee2	21	4	2	2	1	0	0
9037decb28e	23	4	1	3	1	0	0
6999fb3d1e3	20	8	6	2	1	0	0
fc6a9673c8e	20	6	2	4	1	0	0
ed111975a09	20	8	6	2	1	0	0
2433eeb3850	12	353	190	163	21	0	0
9edb9842742	17	1	1	0	1	0	0
56e34c2f814	13	2	1	1	1	0	0
08ab306afd0	02	489	353	136	17	0	0
6b5853794d7	15	2	1	1	1	0	0
4e5247772da	14	4	2	2	2	0	0
0f337680591	23	4	4	0	1	0	0
90587b1ccbb	22	145	128	17	1	0	0
ad42a82df55	01	1	0	1	0	0	0
d44ce979094	23	62	62	0	2	1	0
e493b295987	22	20	13	7	1	0	0
549443a7cc6	15	63	63	0	2	1	0
03cb903e7e3	00	7	1	6	2	0	0
93465d30511	15	5	2	3	0	0	0
f0c1376e07e	01	23	22	1	2	0	0
465e22e62f8	13	34	18	16	1	0	0
0ad2717fd88	19	2	2	0	1	0	0
7cee968c212	15	7	7	0	2	0	0
97e4b3a7bff	01	71	53	18	2	0	0
b07acb38086	19	14	8	6	1	0	0
d5d043f2d72	19	7	6	1	1	0	0
cc5cea35b0e	14	12	12	0	1	0	0
9a79bb694e5	23	4	4	0	1	0	0
472a72d27fa	20	39	22	17	0	0	0
42281124d4b	23	79	70	9	2	0	0
1e73e4c62f1	00	71	14	57	3	0	0
dadc30318f8	00	495	382	113	6	1	0
075acfa2d6c	14	227	216	11	9	1	0
