Commit ID 	 Time 	 LOCChanged 	 LOCADD 	 LOCRem 	 Totalfiles 	 Filesadd 	 Filesrem 
34f34e44110	02	26	13	13	7	0	0
00004160a12	17	11	6	5	3	0	0
16ed1946598	16	4	2	2	1	0	0
95794641d2e	22	2	1	1	1	0	0
889fec3cc89	23	6	3	3	3	0	0
74ef9490727	19	146	118	28	3	1	0
acad8d9a77a	18	20	10	10	9	0	0
4ef808ec0af	17	6	2	4	1	0	0
bc7479d2321	19	6	3	3	1	0	0
6ba3e68bd2f	05	4	2	2	1	0	0
e02d5c9d41b	17	23	12	11	1	0	0
c9e6d3696cf	06	8	4	4	4	0	0
df6c12cdcc2	21	2	1	1	1	0	0
d9bad09ede9	17	16	15	1	1	0	0
491c8d92b85	04	6	6	0	1	0	0
525253d50e0	03	16	12	4	1	0	0
da56c72f59d	16	1	0	1	1	0	0
d91ef153e7e	06	24	24	0	1	0	0
e67a0f80e01	21	2	1	1	1	0	0
57148f54e10	19	8	4	4	1	0	0
718aa505c47	05	18	18	0	1	0	0
7cd1690f3da	21	18	14	4	1	0	0
0a83b78ba8e	05	12	6	6	1	0	0
00004160a12	17	11	6	5	3	0	0
16ed1946598	16	4	2	2	1	0	0
95794641d2e	22	2	1	1	1	0	0
889fec3cc89	23	6	3	3	3	0	0
74ef9490727	19	146	118	28	3	1	0
acad8d9a77a	18	20	10	10	9	0	0
4ef808ec0af	17	6	2	4	1	0	0
bc7479d2321	19	6	3	3	1	0	0
6ba3e68bd2f	05	4	2	2	1	0	0
e02d5c9d41b	17	23	12	11	1	0	0
c9e6d3696cf	06	8	4	4	4	0	0
df6c12cdcc2	21	2	1	1	1	0	0
d9bad09ede9	17	16	15	1	1	0	0
491c8d92b85	04	6	6	0	1	0	0
525253d50e0	03	16	12	4	1	0	0
da56c72f59d	16	1	0	1	1	0	0
d91ef153e7e	06	24	24	0	1	0	0
e67a0f80e01	21	2	1	1	1	0	0
57148f54e10	19	8	4	4	1	0	0
718aa505c47	05	18	18	0	1	0	0
7cd1690f3da	21	18	14	4	1	0	0
0a83b78ba8e	05	12	6	6	1	0	0
