9d281934df9	08	1	0	1	1	0	0
250782d139c	01	15	13	2	3	0	0
684dd28a6c6	01	15	13	2	3	0	0
df1673202c9	05	4	3	1	1	0	0
d3b06f19cbd	07	66	28	38	1	0	0
98aad77f466	05	22	13	9	1	0	0
ccabd4a6fa8	05	19	12	7	3	0	0
a6a1659d85b	02	2	1	1	1	0	0
906f824bab8	02	2	1	1	1	0	0
f2107107952	03	66	37	29	1	0	0
90b785c09ab	02	8	4	4	1	0	0
6628a3b6eaf	02	8	4	4	1	0	0
c12a1dc5d8f	03	4	2	2	1	0	0
9d281934df9	08	1	0	1	1	0	0
250782d139c	01	15	13	2	3	0	0
684dd28a6c6	01	15	13	2	3	0	0
