91bf18fcc53	14	81	81	0	3	0	0
fb7348ae060	19	194	190	4	9	1	0
db844b152a9	15	15	5	10	1	0	0
70005be4ffd	15	71	71	0	3	1	0
48d52d85c3e	23	89	89	0	2	1	0
44eb279ef81	15	106	56	50	2	0	0
249c3c165ab	16	124	62	62	12	0	0
253ec6a63dd	15	17	6	11	1	0	0
9b672bcaa2e	09	89	88	1	3	2	0
b72d43cbf91	14	34	33	1	2	1	0
578ba76e6c0	16	5	3	2	2	0	0
