Commit Id	Time	Total LOC	LOC added	LOC removed	Files affected	Files added	Files removed	Commit Msg
4e1e60fbf07	20	8	4	4	3	0	0	4
d64e070e26c	21	8	6	2	1	0	0	4
dd175a4ede3	16	2	2	0	1	0	0	3
2e1af6df499	18	9	9	0	1	0	0	6
4c480551c3c	23	23	17	6	1	0	0	3
56ec4e4f3cf	19	9	7	2	2	0	0	4
b6f6a1ca110	20	81	64	17	3	0	0	2
3c52fd006e2	0	38	28	10	1	0	0	3
e81a89b1161	23	2	1	1	1	0	0	3
1018e7d23f5	18	8	7	1	2	0	0	2
ff49299b48f	19	125	123	2	0	0	0	5
19f248400f5	21	10	10	0	0	0	0	5
dcf6955c107	18	9	9	0	1	0	0	6
fad91d16ea6	22	2	2	0	1	0	0	5
9057d3f17ea	20	2	1	1	1	0	0	3
92057554d59	22	5	3	2	1	0	0	9
8adc6b89219	20	6	6	0	1	0	0	4
a13506b48f7	21	1	1	0	1	0	0	7
876712a0749	20	12	6	6	1	0	0	6
77ecc5a41a5	22	9	9	0	0	0	0	4
e70702c6209	0	58	36	22	1	0	0	7
3a964693192	20	56	41	15	2	0	0	4
f3f3b12364d	22	69	69	0	2	0	0	3
