Commit Id	Time	Total LOC	LOC added	LOC removed	Files affected	Files added	Files removed	Commit Msg
95638c9b0d3	12	70	69	1	4	0	0	17
f72ac17c892	12	134	54	80	2	0	0	7
4b19bd28967	9	2	1	1	1	0	0	14
55c65cc2d55	15	65	56	9	10	0	0	28
045bd4c7a49	21	19	19	0	2	1	0	3
7a7e88d44ba	19	2	1	1	0	0	0	8
b4def4806c5	13	116	103	13	2	1	0	10
5d80bdb6aed	11	11	11	0	0	0	0	9
96e06153690	13	116	103	13	2	1	0	10
8d578df4b6b	11	11	11	0	0	0	0	9
a87172f9b21	12	3	3	0	0	0	0	4
80b5a52217a	12	14	8	6	2	0	0	3
f0b8cc6a94b	14	53	46	7	2	1	0	28
611dffabb6b	20	56	49	7	3	0	0	6
b64791c7e45	20	2	1	1	1	0	0	16
1d5ff15a461	10	257	257	0	4	1	0	4
594642b31db	20	2	1	1	1	0	0	7
82bc25d5ada	14	19	1	18	0	0	0	18
eb4c9ed881c	11	36	29	7	1	0	0	6
5c381637873	20	5	4	1	1	0	0	8
c95da949ecc	22	14	7	7	2	0	0	10
c626f8bd8fa	13	51	51	0	1	1	0	11
d6188bdd271	14	3	2	1	1	0	0	9
8e0d788842f	15	11	11	0	1	0	0	25
bd0baf23383	12	6	6	0	1	0	0	25
20d7c47d6e5	16	11	8	3	1	0	0	9
092fc42fbf5	23	13	10	3	1	0	0	17
8dc87731c76	18	7	5	2	1	0	0	10
222f85fdf4a	19	176	144	32	1	0	0	11
c6846565cf4	23	13	10	3	1	0	0	17
f91988979f3	18	7	5	2	1	0	0	10
3e2a2a76fda	19	176	144	32	1	0	0	11
1e6b72e8cbe	12	12	12	0	1	0	0	9
b74d119b348	20	6	4	2	1	0	0	38
f0872060675	20	23	21	2	2	0	0	12
3e8667d829b	19	9	3	6	2	0	0	11
b62ecdc5bbe	19	9	3	6	2	0	0	11
13a521e6980	1	2	1	1	1	0	0	6
09130147cfb	12	2	2	0	0	1	0	7
61dfe5d2a9f	12	9	0	9	1	0	0	14
9f9a4cb9284	14	10	7	3	2	0	0	18
e5cceffe6a5	11	2	1	1	1	0	0	19
9cc2bd11d35	16	129	84	45	13	0	0	4
6f0740e67b7	19	11	8	3	1	0	0	13
1b0e054737b	20	19	19	0	2	0	0	14
37cbc355d53	20	79	53	26	3	0	0	7
0c396c05fdd	22	19	16	3	1	0	0	10
53aac9dde61	22	1088	634	454	14	3	2	4
1b89323e920	1	4	2	2	1	0	0	5
bff96029665	19	6	6	0	1	0	0	7
725fcf55873	19	12	3	9	1	0	0	7
4b77626add4	19	12	2	10	1	0	0	15
59b04427d36	21	25	13	12	1	0	0	10
07bcdc2f513	22	1	1	0	1	0	0	6
8ddb334c2aa	22	1	1	0	1	0	0	6
345df289eb7	22	86	86	0	1	1	0	11
984dc057e39	23	15	11	4	2	0	0	9
aa0308d6182	21	25	19	6	3	0	0	7
deb100fb176	13	4	2	2	1	0	0	13
df3a8fcb62e	21	21	13	8	3	0	0	7
2ed23314c35	22	2730	2321	409	4	2	0	15
0082ef271e7	22	14	14	0	2	0	0	4
a7bdaabf609	20	8	4	4	4	0	0	10
2d65f3c59a3	20	8	4	4	4	0	0	10
de261713bfd	1	700	620	80	20	2	0	4
83b82f900fa	2	8	4	4	2	0	0	9
8430148ccba	18	39	39	0	3	1	0	4
874260b40fe	15	127	85	42	3	1	0	6
8da4831ed06	16	30	16	14	2	0	0	4
7c07e75db98	20	1	1	0	1	0	0	4
e0d7c2cfa3f	23	58	34	24	4	0	0	4
e1bb241b511	1	20	18	2	1	0	0	11
38f948a373a	19	30	15	15	3	0	0	12
12c8b27e243	14	18	15	3	1	0	0	6
88f416a5edf	14	21	19	2	1	0	0	6
0c4e7354011	23	2	1	1	1	0	0	6
f9cfd709460	14	6	3	3	1	0	0	38
ac722bbed6e	21	35	27	8	4	2	0	21
2bbb4684284	16	33	29	4	2	0	0	11
b8c8e9c113e	19	5	5	0	1	0	0	8
5a49522ba77	19	2	1	1	1	0	0	13
2fe4558c107	2	75	71	4	1	0	0	11
30d20cf4059	2	39	5	34	2	0	0	9
69ce415d38e	15	8	4	4	1	0	0	16
ad31e5af56e	22	4	2	2	0	0	0	26
54bb53bf32f	21	2	1	1	1	0	0	7
d5c95f02afd	22	279	109	170	2	0	1	5
fc57df283c2	22	266	133	133	2	0	1	5
f69822c70e5	15	2	1	1	1	0	0	4
fd1fc5080f6	20	3	3	0	1	0	0	9
460614125be	21	45	26	19	2	0	0	8
c4549b85736	22	18	9	9	2	0	0	4
e62cdd04887	23	22	11	11	2	0	0	4
ef496dc39de	0	3	3	0	3	0	0	4
fcf9cfa1374	0	7	7	0	1	0	0	6
f52a8db2805	13	4	2	2	1	0	0	17
79f064f565a	15	23	20	3	3	0	0	11
eb09b0644b3	21	1	1	0	1	0	0	16
3cd694c9f37	23	1	1	0	1	0	0	4
fa378ee4d8c	14	16	14	2	2	0	0	33
3cac57658fc	20	70	70	0	1	1	0	11
e00c2ec5e35	13	2	1	1	1	0	0	9
4e204f37fd9	13	8	7	1	1	0	0	33
028b33b18ae	20	70	70	0	1	1	0	11
a002f4f4531	13	1	1	0	0	0	0	6
01b64fc36bc	14	9	3	6	1	0	0	4
7cab4d6870b	21	800	800	0	3	2	0	7
83b211ecb2a	21	1	1	0	1	0	0	7
efcbe3b21a3	2	5	5	0	1	0	0	4
47265046632	3	45	45	0	3	3	0	4
cbea40eaf27	16	10	5	5	1	0	0	6
97b0000c536	16	1	1	0	1	0	0	7
eaac88163a4	23	6	5	1	1	0	0	10
bfc2982f107	1	21	6	15	1	0	0	4
5e37e10e41c	23	6	5	1	1	0	0	10
243c218c7a7	14	3	0	3	1	0	0	5
3aa1975c583	14	2	1	1	0	0	0	7
44bebc0d52d	20	30	16	14	1	0	0	7
1e7a0aa8837	21	70	50	20	1	0	0	7
0f077a78ad3	4	6	6	0	1	0	0	4
52037d897d0	4	46	22	24	5	0	0	4
decd81838ab	5	9	8	1	1	0	0	5
d72c6940f8b	18	13	10	3	1	0	0	8
8e8f36f9583	20	1	0	1	1	0	0	8
63607a0304e	20	18	14	4	1	0	0	10
7003d6eff56	16	9	4	5	4	0	0	5
28998a8cfe9	0	6614	6505	109	41	6	0	4
2aefea5a2f9	23	8	4	4	2	0	0	6
9cb624986c6	23	6	4	2	1	0	0	6
cbd4033619c	1	1311	998	313	7	3	1	5
11e3cfce8bb	0	59	48	11	1	0	0	8
bba432f00e0	0	2	2	0	1	0	0	7
48f4b2be2bc	1	79	6	73	1	0	0	5
25135381090	2	192	192	0	0	0	0	7
accc34c50f0	22	3	2	1	1	0	0	24
8f245486aa8	22	17	14	3	1	0	0	26
576b11662e3	22	151	142	9	3	0	0	4
5e765fe5e82	16	47	34	13	2	0	0	4
790f13df9c6	20	2	1	1	0	0	0	5
d2d53d4bb26	21	62	53	9	3	0	0	4
8342f31af91	23	4	2	2	1	0	0	4
fe4b7420a3e	11	45	29	16	2	0	0	4
5ded5e274f8	21	36	20	16	1	0	0	3
0df8ffe4728	0	312	276	36	7	0	0	4
554dc63328d	22	188	141	47	12	0	0	4
2d9ab49239d	0	70	66	4	3	0	0	17
94b0481a566	14	331	278	53	6	0	0	4
56efe9cbc56	14	16	11	5	1	0	0	20
b66d225c6eb	21	2	1	1	1	0	0	12
638773628cf	15	22	7	15	1	0	0	7
bb3a1d5b675	11	60	59	1	2	1	0	9
fa334ef0b72	15	2	1	1	0	0	0	7
7e7e983781e	16	16	14	2	3	0	0	4
0d80040adfd	21	295	91	204	41	0	0	4
fe7e00d51a0	1	108	90	18	2	1	0	4
9f986981f8b	22	274	207	67	1	0	0	7
12351a2591c	22	2	1	1	0	0	0	6
d7c16fa3727	23	1	1	0	0	0	0	9
e4e1917936d	19	5	4	1	0	0	0	4
c18ef0fed55	19	7	6	1	1	0	0	4
d104e5b91cf	14	7	7	0	1	0	0	10
77e4abbc3e6	14	7	7	0	1	0	0	6
718032777d4	22	10	3	7	2	0	0	5
8b2a3354f96	14	62	53	9	2	0	0	14
5724b54d2e1	14	59	59	0	1	1	0	15
92d4ed397bc	15	10	7	3	1	0	0	6
f8b90946aec	22	9	7	2	1	0	0	6
ed44098cf69	15	2	1	1	0	0	0	11
0ad28fdd376	17	2	1	1	1	0	0	25
b185751c3f8	23	2	1	1	1	0	0	7
320cf729db9	23	1	1	0	1	0	0	7
9ef962f9ee8	17	2	1	1	1	0	0	25
3a9b08f1565	20	30	16	14	1	0	0	7
fdb0eb5825f	23	2	1	1	1	0	0	7
93aad553425	23	1	1	0	1	0	0	7
9ad334085fc	13	3	3	0	0	0	0	8
fcba1459f24	3	38	22	16	2	0	0	4
d1571314390	3	28	25	3	2	0	0	27
f6bce20e5e4	3	28	25	3	2	0	0	27
6ee676c0e45	1	2	2	0	1	0	0	6
d91f64fcbbe	1	4	2	2	1	0	0	4
aff91f79aee	1	2	2	0	1	0	0	6
942b92a06e8	1	4	2	2	1	0	0	4
c4eaf7e5a90	18	156	156	0	4	0	0	5
413d38c43bc	19	70	70	0	1	1	0	5
abfcd1fb00a	20	18	18	0	1	0	0	3
fa44659c66c	23	2	1	1	1	0	0	6
f1ca4853578	11	2	1	1	1	0	0	4
976c6b0826e	14	12	12	0	1	0	0	7
bc7cfd7cd7c	18	2764	420	2344	6	0	2	5
1bb820a339e	21	39	21	18	1	0	0	11
326ba25451d	13	8	6	2	1	0	0	4
025f5c89c76	14	89	69	20	4	0	0	4
6b9f5599849	20	18	12	6	1	0	0	14
9bbca991076	22	145	128	17	1	0	0	6
c215262db44	14	30	25	5	1	0	0	4
6cb1d26924f	15	3	3	0	1	0	0	6
49c3a910c67	19	2	1	1	1	0	0	6
752571c7ba8	13	1	0	1	1	0	0	6
c82828ec278	14	31	31	0	1	0	0	12
bc96302fae1	15	309	256	53	17	0	0	5
6ed8d41ddd6	15	4	3	1	1	0	0	4
5faff9ebdf2	13	44	44	0	1	1	0	13
fab68aa1edb	2	75	58	17	1	0	0	7
f1d3ae77530	14	2	1	1	1	0	0	13
dc0b7364b51	14	2	1	1	1	0	0	5
0dc844de17c	14	1	0	1	1	0	0	4
9193062e70a	14	10	10	0	1	0	0	5
87b34c94fa4	15	3	3	0	1	0	0	5
e0297ca59b7	15	2	1	1	1	0	0	7
3108a9ee383	22	794	680	114	11	3	0	4
018e110cd11	23	842	421	421	126	0	0	6
b6a869ef4f7	23	3	3	0	1	0	0	6
4908e5bf7a9	22	145	128	17	1	0	0	11
2f8596ee107	0	4	2	2	1	0	0	14
6df574b744f	1	28	19	9	2	0	0	7
0b92fa0e932	1	8	7	1	1	0	0	58
9bb3a683fe9	1	4	2	2	1	0	0	5
145aa636b93	22	1158	1029	129	20	1	0	4
84d0b1bcc51	15	1005	831	174	3	0	0	12
0ae98dfc664	19	4	2	2	0	0	0	12
3c3ec7b2d76	20	134	112	22	2	0	0	4
401c073dd27	0	199	185	14	9	1	0	4
ac379b3be13	0	40	38	2	3	0	0	6
dd6faa5adf8	1	13	10	3	5	0	0	4
dddfd0f8b8b	0	2	1	1	1	0	0	27
680765abece	19	12	9	3	1	0	0	8
b8847e9ac6d	22	139	102	37	7	0	0	4
d7dff34bad8	4	9	6	3	1	0	0	41
15628f67351	5	15	7	8	1	0	0	19
13871fa2f8e	5	6	6	0	1	0	0	8
b9529545e15	11	145	128	17	1	0	0	11
3dee0e4cd8e	15	1	1	0	1	0	0	16
1d94d4fa70f	16	2	1	1	1	0	0	8
004e6fbe1f8	20	8	4	4	1	0	0	5
ccd8b55b019	21	23	4	19	1	0	0	5
7fd1c08b161	5	51	24	27	1	0	0	6
a7803c58e49	1	37	30	7	3	0	0	4
26874e2e07c	16	1	1	0	1	0	0	4
a1fa3efd2b8	16	2	1	1	1	0	0	17
b6c582a3a31	20	10	0	10	1	0	0	5
5fee1ff7bce	20	17	17	0	1	1	0	4
4d4900fc651	21	12	5	7	1	0	0	9
362b5a6c401	15	26	26	0	2	1	0	11
37bb37d151f	16	16	13	3	3	0	0	5
21b64dc7c9e	21	191	158	33	9	0	0	4
edea4122b1c	15	21220	7097	14123	224	4	16	51
672b453a767	16	13	2	11	1	0	0	8
c8646e0c415	17	2	2	0	1	0	0	5
1ba834bd3fe	23	9	6	3	1	0	0	7
359a65a6db1	0	49	46	3	2	1	0	19
818f0cba553	2	114	98	16	1	0	0	7
52eaac43826	2	39	38	1	4	0	0	4
11d68eb3fc3	8	4	2	2	1	0	0	8
9c11e8a1ca7	22	50	48	2	2	1	0	5
8974ba31a37	4	2	1	1	1	0	0	42
5fd012e67a9	12	18	12	6	1	0	0	10
89014c9d405	22	8	8	0	1	1	0	6
10edbbb927e	2	26	14	12	2	0	0	4
099c717baf7	9	2	1	1	1	0	0	9
edcfea5d02c	5	3	2	1	0	0	0	10
d7bcf21340b	23	9	4	5	0	0	0	12
105d1787dc0	7	2	1	1	1	0	0	6
04958e88a41	11	85	85	0	2	1	0	10
6f96e78dea5	12	14	14	0	1	0	0	11
97cada0e6a1	16	74	74	0	1	0	0	4
efb833f342d	16	4	2	2	1	0	0	5
cdcb1118c83	15	32	16	16	16	0	0	4
4fc0fdc6ee8	16	3	2	1	1	0	0	15
8dd4fcbe8f3	12	20	20	0	1	0	0	14
e34a2c170c5	16	474	225	249	10	0	0	4
0757c73a20d	19	48	44	4	3	0	0	4
78ca5558451	20	71	41	30	1	0	0	40
326b2cb34e2	15	702	522	180	1	0	0	21
10d4bd8266f	10	125	123	2	1	0	0	5
098fef67403	12	85	69	16	2	1	0	8
b9e1bb3d92a	16	2	2	0	0	0	0	5
cf2ee19049a	21	21	15	6	1	0	0	9
5e3b0095de9	22	66	62	4	2	1	0	17
8f15582ef33	12	25	24	1	1	0	0	8
4f38c5ece30	15	75	75	0	1	1	0	25
2c52ccea80e	14	7	7	0	1	0	0	16
4f8a0cd2f9d	14	7	7	0	1	0	0	12
534e41b4747	19	8	4	4	2	0	0	18
3ac5f1106d3	19	8	4	4	2	0	0	18
9d3faf4f9ae	21	65	62	3	4	2	0	8
29d8ff51c85	22	18	4	14	3	0	1	3
59a9a9b5b02	13	149	101	48	9	0	0	10
1b2d333ee3f	12	828	722	106	19	3	1	4
a808ab4ac42	21	56	18	38	1	0	0	6
8bdf6bae306	13	8	8	0	1	0	0	5
3f92031aeb7	13	51	49	2	6	0	0	4
f004d5aeac0	12	5	5	0	0	0	0	30
a4402f0b2e4	21	45	35	10	3	0	0	4
61e796decc0	23	4	2	2	1	0	0	4
05de01d707c	12	156	88	68	1	0	0	7
7defbd27efe	15	87	86	1	4	3	0	6
246805d3865	15	75	75	0	1	1	0	25
ce3ccc8d5ac	11	5	1	4	0	0	0	7
16889e22cc8	11	2	1	1	1	0	0	4
1db9a2adbe5	12	3	3	0	0	0	0	9
55a8a3aad47	23	2	1	1	1	0	0	12
1cf13bca195	15	1	1	0	1	0	0	33
2445fb8bdd1	1	1	0	1	1	0	0	5
216019b72d5	21	11	8	3	1	0	0	30
a5c51b48585	13	2	2	0	2	0	0	8
a033261f390	15	26	16	10	0	0	0	4
5fea00581b8	18	5	4	1	1	0	0	6
bbd976b8c4f	1	13	5	8	3	0	0	20
f44d0b90442	13	21	13	8	2	0	0	8
3ca05177494	14	12	11	1	0	0	0	8
03eb41c2ec4	13	47	46	1	2	1	0	32
3d22dbf27bf	16	31	28	3	3	0	0	8
d5feb1c280d	20	5	0	5	0	0	0	24
9b4e8e0a0d0	21	4	2	2	1	0	0	28
9170077f13e	1	20	10	10	3	0	0	4
a29a7c72fa7	2	4	2	2	1	0	0	4
e90623edc2b	20	20881	20547	334	514	493	0	4
a0fdd5f3f65	12	11	10	1	2	0	0	4
aeb124f7f36	5	6	3	3	1	0	0	7
fdf180f9cee	7	6	5	1	1	0	0	5
36815e41796	21	39	38	1	2	1	0	8
57d28579384	17	7	7	0	1	0	0	4
23bb5986d4c	20	5	2	3	1	0	0	17
70bc2e32af8	20	33	33	0	2	2	0	12
fd29448be02	20	755	755	0	36	0	0	5
eef5d3257dc	13	4	2	2	0	0	0	10
22c2c34952b	22	30	21	9	1	0	0	20
8295c806181	21	6	5	1	1	0	0	19
e90db17392c	15	2	1	1	1	0	0	6
b1b3dc62ff1	15	11	10	1	2	0	0	9
d70ef199f16	17	104	75	29	2	0	0	8
77f21787d48	20	16	13	3	1	0	0	17
321ec97d95c	1	57	7	50	1	0	0	4
bdd19ab40b0	1	3	2	1	0	0	0	6
ef12fa1bf7b	1	394	180	214	1	0	0	5
43e91da0742	2	3	2	1	1	0	0	5
d29be0dfa2e	2	93	93	0	2	2	0	11
97900776bb3	12	35	20	15	3	0	0	5
cc2861ee44c	16	18	12	6	2	0	0	6
666aa0a3434	14	466	427	39	21	2	0	4
6df7bdd954e	0	11	10	1	2	0	0	17
f322bbe729f	21	25	19	6	2	0	0	4
4b455bafd0c	21	2	1	1	1	0	0	22
15d0fa6dc12	21	1	1	0	1	0	0	25
213b8af2f60	22	3	1	2	1	0	0	17
aac717da8d9	23	1	1	0	1	0	0	7
7a7f1062bfe	14	1	0	1	1	0	0	4
b24c515dbf2	19	129	96	33	10	0	0	4
a82f5389d96	17	14	13	1	1	0	0	6
d8c178bc162	13	13	7	6	1	0	0	48
b261e37a342	16	8	7	1	1	0	0	5
ed5bad754c1	2	3	2	1	1	0	0	7
0de6ec5f081	2	4	2	2	1	0	0	4
70e6f3f115c	22	1	1	0	1	0	0	4
0d5a6b2d9d5	15	2	2	0	1	0	0	4
c3346f6760f	16	273	198	75	17	2	0	5
2a7a2ca986a	19	796	793	3	4	1	0	6
39e2c469db8	15	12	12	0	1	0	0	5
a778a25cabd	16	116	102	14	3	1	0	7
edbec3f8f3e	20	59	57	2	2	0	0	8
8a538ce372c	17	25	8	17	3	0	0	6
3aadd4fe767	18	92	47	45	1	0	0	6
9d71e744910	20	18	9	9	2	0	0	7
3063ba08008	20	18	18	0	2	0	0	6
d329fc7b098	20	123	104	19	1	0	0	8
469cb1b7b7f	14	755	8	747	3	0	1	5
c481f97a9c1	16	368	182	186	8	0	0	4
59faab4330c	22	4	2	2	1	0	0	5
2afd20b5425	23	158	150	8	5	0	0	4
9143b43e98c	23	107	107	0	2	1	0	5
5427311ae68	0	5	5	0	1	0	0	4
e9f8e284263	15	2	2	0	1	0	0	4
356992fe4de	16	273	198	75	17	2	0	5
66116924edb	19	796	793	3	4	1	0	6
b3d4938e3e0	15	12	12	0	1	0	0	5
09dc5779314	16	116	102	14	3	1	0	7
eb6e60432b3	20	59	57	2	2	0	0	8
2df81c57f6e	17	25	8	17	3	0	0	6
5866f1a9aa4	18	92	47	45	1	0	0	6
ea97d6ed5ff	20	18	9	9	2	0	0	7
ca19e792c6f	20	18	18	0	2	0	0	6
809fdf26fbb	20	123	104	19	1	0	0	8
6eeb59abf6b	14	755	8	747	3	0	1	5
dd0188ec088	16	368	182	186	8	0	0	4
cdb5864fc32	22	4	2	2	1	0	0	5
25ca13ec1a6	23	158	150	8	5	0	0	4
fa43f04f6a3	23	107	107	0	2	1	0	5
3f5bb15f353	13	1	1	0	1	0	0	7
c24276f0087	18	13	10	3	2	0	0	8
8b2abed03df	1	6	6	0	1	0	0	15
539598b11f3	2	12	6	6	1	0	0	8
c2fb062f60a	22	4	2	2	1	0	0	6
41f2725639d	9	255	223	32	9	0	0	4
884f689efec	9	6	6	0	1	0	0	16
6f8839d2ac3	11	28	16	12	2	0	0	36
e21643d618a	15	2	1	1	1	0	0	4
760928bfad4	15	2	1	1	1	0	0	9
075acfa2d6c	14	227	216	11	9	1	0	4
dadc30318f8	0	495	382	113	6	1	0	34
1e73e4c62f1	0	71	14	57	3	0	0	16
42281124d4b	23	79	70	9	2	0	0	25
472a72d27fa	20	39	22	17	0	0	0	15
9a79bb694e5	23	4	4	0	1	0	0	59
cc5cea35b0e	14	12	12	0	1	0	0	4
d5d043f2d72	19	7	6	1	1	0	0	8
b07acb38086	19	14	8	6	1	0	0	36
97e4b3a7bff	1	71	53	18	2	0	0	5
7cee968c212	15	7	7	0	2	0	0	6
0ad2717fd88	19	2	2	0	1	0	0	11
465e22e62f8	13	34	18	16	1	0	0	7
f0c1376e07e	1	23	22	1	2	0	0	28
93465d30511	15	5	2	3	0	0	0	6
03cb903e7e3	0	7	1	6	2	0	0	28
549443a7cc6	15	63	63	0	2	1	0	13
e493b295987	22	20	13	7	1	0	0	5
d44ce979094	23	62	62	0	2	1	0	30
ad42a82df55	1	1	0	1	0	0	0	5
90587b1ccbb	22	145	128	17	1	0	0	11
0f337680591	23	4	4	0	1	0	0	31
4e5247772da	14	4	2	2	2	0	0	19
6b5853794d7	15	2	1	1	1	0	0	14
08ab306afd0	2	489	353	136	17	0	0	4
56e34c2f814	13	2	1	1	1	0	0	11
9edb9842742	17	1	1	0	1	0	0	13
2433eeb3850	12	353	190	163	21	0	0	4
ed111975a09	20	8	6	2	1	0	0	49
fc6a9673c8e	20	6	2	4	1	0	0	11
6999fb3d1e3	20	8	6	2	1	0	0	17
9037decb28e	23	4	1	3	1	0	0	18
aef62a03ee2	21	4	2	2	1	0	0	6
57ddf5f50ae	21	6	3	3	2	0	0	6
986e6125573	21	146	123	23	8	0	0	4
46e86aa8034	22	37	33	4	3	0	0	4
2775c0e97eb	22	70	27	43	3	0	0	4
e806ad39d0c	14	19	8	11	3	0	0	21
f89beaf3ac8	22	4	3	1	0	0	0	30
352febe2519	23	8	8	0	1	0	0	4
8a413b076eb	21	143	141	2	3	0	0	4
14b7c4327f4	21	324	295	29	14	0	0	4
22e23473ea7	23	35	33	2	1	0	0	4
4b6164ab491	0	18	9	9	1	0	0	4
b221fe9b29f	22	68	67	1	2	1	0	36
88b919ea561	23	56	56	0	2	1	0	7
279e7e7341d	0	84	63	21	3	0	0	7
03c4aa6aefa	15	1	0	1	1	0	0	13
a9723df1b76	21	4	2	2	1	0	0	29
3deceaf6e73	21	4	2	2	1	0	0	29
f101f7c9bab	21	88	42	46	2	0	0	108
7e40c7ddc93	21	32	31	1	2	1	0	31
7543c38dca2	22	1	0	1	1	0	0	30
74a8215a869	15	2682	419	2263	44	0	13	64
832efb1e011	16	61	0	61	1	0	1	5
09c296b44da	22	2	1	1	1	0	0	14
81d18398a8a	22	49	49	0	2	2	0	5
cacd3ae004d	5	77	77	0	1	1	0	30
38eec57aefd	16	7	7	0	2	0	0	23
a8f357629d6	17	9	3	6	1	0	0	6
d3f6b094c71	13	1	1	0	1	0	0	4
a27320e00f1	15	655	270	385	21	1	1	4
0685707bc64	15	10	2	8	2	0	0	33
6141386f7ea	23	5	5	0	2	0	0	5
3415427dbfb	18	191	191	0	5	1	0	57
2c077128603	23	5	5	0	2	0	0	5
30e462e9193	19	293	210	83	4	2	1	100
23c4278e069	22	62	32	30	1	0	0	4
96a137a18a0	21	147	103	44	1	0	0	4
4af673e1611	10	5499	3953	1546	130	80	2	4
7f4aba91d31	12	42	39	3	36	0	0	6
999757983c8	12	4	3	1	1	0	0	27
f0c5165f81e	15	2422	1801	621	5	2	0	4
de5e3f6a6f5	22	143	75	68	3	1	1	5
86f4846c216	17	37	28	9	2	0	0	8
f116e17a230	16	5	3	2	1	0	0	15
b9127eb0a5d	12	12	10	2	2	0	0	6
defa637378a	0	60	60	0	3	1	0	5
3502e45b6c0	0	5	4	1	1	0	0	7
b92a919500d	12	9	1	8	3	0	0	3
90fd70d284b	2	3	1	2	1	0	0	11
af7960b2952	17	1747	1007	740	24	2	1	4
ebb79cdabaa	13	8	0	8	1	0	0	12
bab59f33e7e	15	7	4	3	1	0	0	4
3aa2fd3b2cf	16	58	44	14	4	0	0	4
0613af0a20c	15	26	0	26	0	0	0	27
30b29d8f874	1	48	27	21	1	0	0	41
e0796b6f1f8	14	118	110	8	10	2	0	4
c97b4f1971d	15	6	0	6	1	0	0	7
5062741bd7a	15	19	11	8	0	0	0	8
5ebc05f5601	16	6	3	3	0	0	0	7
544e5ee1fbd	17	109	109	0	1	1	0	11
9d72a742e3c	17	985	806	179	31	2	0	3
296b7a580b1	17	121	94	27	4	1	0	24
2589d556119	14	41	28	13	2	0	0	5
8c02f9b7c84	14	53	46	7	4	1	0	35
ff4a9d381d2	23	258	129	129	43	0	0	5
407ecc6b5f9	0	2	1	1	1	0	0	7
79cbe1fdbbf	0	226	120	106	5	0	0	5
4472f7bbc3f	1	91	13	78	1	0	0	4
531eba18a67	22	2	1	1	1	0	0	49
7fc835afe36	22	143	107	36	2	1	0	18
1a979986448	22	6	3	3	1	0	0	27
f9aa01de326	23	3	2	1	1	0	0	27
78dc13fbf97	23	21	16	5	2	0	0	17
761a82bc9a3	23	12	9	3	1	0	0	16
44527e60237	14	67	58	9	3	0	0	5
d8c4ecea0b0	16	23	14	9	1	0	0	37
ea44d3031d1	14	5	4	1	1	0	0	8
285d8c65891	23	1	1	0	1	0	0	30
b031671138a	23	6	3	3	2	0	0	5
5e7cb68be98	14	108	0	108	1	0	1	40
daa6b95b08e	15	140	70	70	2	1	1	17
11770bf5e23	15	126	63	63	2	1	1	23
0f0557d78df	12	2	1	1	1	0	0	5
b82b4f2993b	12	39	19	20	2	0	0	5
6986d9316c7	12	8	2	6	1	0	0	5
8c97ad4c30e	12	2	1	1	1	0	0	5
db0a1dc7d9a	12	7	0	7	1	0	0	4
17524432ff5	23	12	6	6	3	0	0	5
32b2964eed1	12	66	5	61	1	0	0	4
f86359cc3fa	12	11	6	5	1	0	0	8
9eacf93928f	13	21	10	11	1	0	0	8
1a49df5fa94	13	6	3	3	1	0	0	8
30059652664	14	6	3	3	1	0	0	8
036d907df70	14	27	14	13	1	0	0	8
9d1fde75190	14	6	3	3	1	0	0	9
a58659cd4a6	13	10	7	3	1	0	0	4
08032efed00	0	178	178	0	3	2	0	5
1e13a2d242b	1	97	15	82	1	0	0	5
1ab95a536ab	13	69	33	36	2	0	0	5
7c02b5a58d7	14	34	11	23	1	0	0	4
c26a0b5aab2	20	4	2	2	1	0	0	7
bc834c395b4	20	4	4	0	1	0	0	7
dee8c515478	21	12	4	8	1	0	0	14
a4a04f932ed	23	12	11	1	1	0	0	12
7bdeed20399	23	2	1	1	1	0	0	6
ffee8739417	21	5	4	1	1	0	0	19
92c0c6953a0	21	1	1	0	1	0	0	19
0db4dc0024e	21	2049	1252	797	41	8	0	5
e9dcfd4bd28	22	2051	798	1253	41	0	8	36
aa5961a445a	18	4	2	2	1	0	0	8
30e7fb73070	13	237365	176547	60818	1445	780	120	5
0f9d2011833	14	838	561	277	3	2	0	6
3694b6914a6	14	821	544	277	3	2	0	6
2639566c6e6	21	63	23	40	2	0	0	61
6cbed959e6d	22	570	296	274	2	0	0	42
916b5d1fffd	23	215	22	193	2	0	1	5
16fca262be5	17	8	5	3	2	0	0	7
b7b7b29f509	12	17	0	17	1	0	0	4
d03b80bc121	21	53	53	0	2	0	0	5
c945eae9421	21	4	3	1	2	0	0	41
3f4261276e3	21	12	4	8	1	0	0	14
21d26839762	15	56	27	29	1	0	0	21
c56d1559fc4	19	10	2	8	2	0	0	6
c21c51a6fce	23	8	8	0	1	0	0	9
a64acd8baad	13	45	45	0	1	1	0	7
4359e8154d4	1	26	13	13	1	0	0	34
ebfb8a5613b	1	25	21	4	1	0	0	22
48cdbffd24f	2	19	14	5	1	0	0	14
5648d95c4a5	11	1	0	1	1	0	0	4
4e84dfa6830	18	19	19	0	1	0	0	10
12a90e98bfc	21	127	127	0	1	1	0	14
89e311b1aee	22	75	61	14	3	0	0	23
75c6255d167	22	1	0	1	1	0	0	16
e747daf6042	12	26	13	13	1	0	0	5
b45a10818e5	12	11	6	5	1	0	0	6
880219645e3	16	167	62	105	2	0	0	11
6b426a2edd6	22	8	0	8	1	0	0	24
47d6a946562	2	77	71	6	2	1	0	52
4e290e48b21	23	115	89	26	2	1	0	9
df2c5fa81db	23	96	81	15	2	1	0	16
e4a8d2617b4	5	89	89	0	5	3	0	23
e02af94947b	20	50	50	0	1	1	0	8
78e831a31c0	14	7	0	7	3	0	0	21
ee437c0557c	15	366	297	69	4	0	0	16
7d2e68fdbde	4	15	9	6	2	0	0	4
3883f22ad18	21	4	2	2	1	0	0	12
928d28a7b32	14	11	10	1	2	0	0	19
68f63fe9ec2	14	11	4	7	1	0	0	20
12fc9fa8a7b	2	27	27	0	1	1	0	28
884499d37e7	1	43	21	22	0	0	0	10
bd907174e80	5	57	57	0	2	1	0	40
9b42d7daaf2	15	56	56	0	1	1	0	7
d2eaabd0dff	2	6	3	3	1	0	0	8
25aea2a072a	2	1	1	0	1	0	0	8
f66f793c07e	2	14	7	7	1	0	0	8
4ec77e2e286	14	22	11	11	2	0	0	17
a3908f47f15	14	2	2	0	1	0	0	8
636add246ca	16	22	11	11	2	0	0	18
5f0406534ca	16	254	252	2	7	2	0	43
88d7a101283	22	58	58	0	1	1	0	8
e813e3491e3	15	6	5	1	1	0	0	51
9ae6d8fee34	20	62	62	0	2	1	0	32
05b81f333c8	14	5	2	3	1	0	0	5
18b94ea838f	4	18	10	8	1	0	0	4
ca642b020db	22	67	67	0	1	1	0	18
039fac633ea	5	4899	3559	1340	86	5	3	24
989ae81c713	16	6	4	2	1	0	0	28
0888cdd4123	0	2	1	1	1	0	0	4
1358bac6d12	2	658	448	210	12	1	0	5
078763a94c6	12	2	1	1	1	0	0	4
7535e3930a6	17	109	109	0	1	1	0	11
5ff2ae8389c	17	2	1	1	1	0	0	7
578f69bcf49	12	217	123	94	6	2	1	5
0fd28345392	22	56	38	18	7	0	0	5
0bd410a66a3	22	3	1	2	1	0	0	27
fa9aa1c9611	11	44	29	15	2	0	0	42
b337577cf1b	23	2	1	1	1	0	0	7
eabf3c8d0f4	1	26	13	13	1	0	0	34
f0a561fe67d	13	10	5	5	1	0	0	4
cc0e7efb376	13	2	2	0	1	0	0	26
27061cc9f45	14	40	29	11	2	0	0	38
0a2076b26ac	13	2235	1560	675	45	7	0	5
cb76999bad6	15	23	18	5	5	0	0	5
5f411405356	3	284	221	63	5	0	0	5
c381662cac0	19	2	1	1	1	0	0	15
463d6bac8b3	19	91	53	38	2	0	0	64
1fb9cfcdb19	1	26	13	13	1	0	0	34
26f754d9ddc	1	26	13	13	1	0	0	34
408bfece510	13	14	8	6	1	0	0	28
0385b17ce06	14	9	3	6	1	0	0	28
900196e1350	19	135	86	49	2	0	0	6
8963a5228df	20	13	8	5	1	0	0	5
eef57dddf45	0	272	136	136	50	0	0	5
ff552ddbaa3	2	19	11	8	2	0	0	39
f80513974ec	13	10	5	5	1	0	0	16
f405517de12	15	258	257	1	3	1	0	3
1b22f5376bd	23	76	75	1	3	1	0	3
7de6eba0616	11	92	45	47	2	0	0	29
8966480c0e3	15	10	5	5	1	0	0	55
067be2b3fe2	20	11	10	1	2	0	0	13
09150b06169	16	30	9	21	2	0	0	5
d98a8578d62	0	73	73	0	1	1	0	5
f0ce98441ff	20	115	52	63	8	0	0	6
ef1ffcb717a	13	48	14	34	3	0	0	7
8708bb02803	13	3	1	2	1	0	0	4
1bf704a571b	15	2	2	0	1	0	0	4
c40875ee13d	0	2	1	1	1	0	0	7
6003912f81c	14	6	3	3	1	0	0	19
5a2cc626b2e	0	16	11	5	0	0	0	27
07e5877144d	0	16	11	5	0	0	0	27
57276ae70ad	1	15	6	9	1	0	0	40
06c82c50697	14	2	1	1	0	0	0	6
1e50282ae86	21	88	36	52	6	0	0	5
f00c8bcef85	22	8	1	7	1	0	0	4
d5f13f6c080	23	9	5	4	0	0	0	43
be3afd0becd	1	16	2	14	1	0	0	18
6531f187d87	17	21	18	3	1	0	0	32
2d0011f5325	2	6629	3441	3188	40	10	9	27
fee02db7051	15	16	13	3	2	0	0	11
b9abb64fbb1	0	2	2	0	1	0	0	8
7e5aeac28f0	1	378	233	145	7	1	0	5
f3150292687	2	63	42	21	0	0	0	37
f78ce087ba1	15	34	18	16	0	0	0	56
b53cd9798f9	18	28	28	0	1	0	0	6
a25a27817fc	22	24	4	20	4	0	0	5
a0add919873	13	14	3	11	0	0	0	36
b731c966792	13	9	3	6	0	0	0	29
b1cce046467	13	10	5	5	1	0	0	15
5da78905a6c	18	954	478	476	4	1	1	5
fc4e12b8f1d	18	25669	2969	22700	598	4	580	5
4fbe7a5fabb	12	4	2	2	2	0	0	5
0c47219a72f	20	13	8	5	2	0	0	37
26f1bc8e8c7	14	6	2	4	1	0	0	19
5b5362aa8d8	14	64	53	11	3	0	0	33
63c2391984b	14	2	1	1	1	0	0	13
b40f813bab5	1	23	8	15	1	0	0	102
202df30aabc	13	25	14	11	2	0	0	117
c6bb361b841	14	28	11	17	0	0	0	73
5d97d727536	14	3	2	1	1	0	0	19
3a6314dbe15	16	42	42	0	3	1	0	31
acbfc408880	23	5	3	2	1	0	0	30
e8af3405574	0	15	12	3	1	0	0	5
f6f2d42ee95	11	23	16	7	1	0	0	33
beb7425c186	12	2	1	1	1	0	0	6
98b1ce91f6a	21	2	2	0	0	0	0	47
5a5e128165e	22	6	1	5	2	0	0	13
b2648934f01	16	21	14	7	1	0	0	54
1513848f880	13	30	18	12	1	0	0	29
59b584c92dd	11	24	2	22	1	0	0	13
332fea5ac18	15	70	29	41	1	0	0	5
105c6ec8d59	15	9	5	4	1	0	0	4
2a30d328fa9	23	197	96	101	2	0	0	7
c3d4c3560ea	22	4	2	2	1	0	0	27
f69234703f7	23	26	9	17	1	0	0	26
d559bed0d59	12	4	2	2	1	0	0	7
879d329a5a8	14	171	116	55	7	0	0	5
aa0650f4444	23	46	43	3	2	1	0	90
2eb6a62f4fa	1	3	3	0	1	0	0	4
de16da532e4	11	60	0	60	8	2	8	6
cccce60b3e9	11	2	1	1	1	0	0	15
23f09d7e024	18	4	2	2	1	0	0	18
53f3b128f5e	23	16	8	8	1	0	0	18
6db9e12de5e	10	54464	0	54464	209	0	230	21
34c750d7a96	11	38	37	1	2	1	0	3
50e00de92a7	23	376	216	160	2	1	1	27
93153776936	15	4	2	2	1	0	0	4
974ee7b3ec5	14	20	15	5	1	0	0	5
b21c8e0bfd7	0	6	3	3	1	0	0	35
110e499fe7d	0	1	1	0	1	0	0	34
3219616f43d	21	8	5	3	2	0	0	5
624788df7e7	21	2	1	1	0	0	0	4
2f7e0f2da6a	22	44	9	35	2	0	0	30
4c150ca0d0c	21	382	98	284	7	0	1	84
08b382c2fb8	18	4	1	3	1	0	0	6
5fba3b85c5a	21	2	1	1	1	0	0	82
67705555514	22	2	1	1	1	0	0	45
6b588007df6	23	19	9	10	1	0	0	34
9693d3334c9	23	33	0	33	1	0	0	3
6b18e88b68a	19	17	16	1	2	0	0	9
9f26130a0eb	13	68	35	33	3	0	1	5
100e163dda5	13	14	12	2	1	0	0	8
c492d43f481	15	2	1	1	1	0	0	139
786e1e87129	20	20	19	1	1	0	0	97
de32b38992b	21	13296	0	13296	51	0	51	6
bcb5bdebe77	22	2	1	1	1	0	0	55
90ea68107a9	23	56	22	34	1	0	0	60
2c13cbbc0b4	0	1	1	0	1	0	0	238
916832cd2c4	11	2	1	1	1	0	0	29
28d30346f44	12	4	2	2	1	0	0	5
05b3f88064a	12	4	2	2	1	0	0	5
6c999fd2855	12	4	3	1	1	0	0	32
0844e2359bc	15	216	122	94	10	0	0	5
b1ffbdc975d	10	45	30	15	2	0	0	23
2cdf427dce9	10	2	1	1	1	0	0	6
7c75ca71828	11	4	2	2	1	0	0	8
63d13e86a58	11	74	71	3	4	1	0	32
badbd1af27f	20	51	33	18	2	0	0	31
1867511400e	8	2	1	1	1	0	0	5
422772f23be	14	4	2	2	1	0	0	10
c4fa77a5ecd	20	2	1	1	1	0	0	18
84590f3fe95	20	2	1	1	1	0	0	23
27867374178	20	3	3	0	1	0	0	24
e4cef1a0833	0	4	2	2	2	0	0	27
8bec26122d6	20	44	43	1	3	1	0	33
4784ea1a29d	22	1926	1668	258	6	1	0	5
298f6bff5b7	22	16	10	6	1	0	0	7
6c5fdd52239	11	8	7	1	1	0	0	5
870307de75b	11	2	1	1	1	0	0	33
f03c3203a1a	14	18	8	10	2	0	0	7
d1eff9ab68a	21	58	44	14	2	1	0	87
7d0543c1288	21	18	9	9	2	0	0	6
7dfa587d18c	21	27	12	15	2	0	0	7
83b1dda12fa	12	30	27	3	2	0	0	6
19a432260cd	12	5	5	0	1	0	0	6
2efa3ae64f1	13	2	1	1	1	0	0	26
7b6d3cea2c1	14	41	30	11	0	0	0	6
790d651f0df	19	74	72	2	3	1	0	27
9a3521cb25e	19	150	149	1	2	1	0	48
5d9968f53dc	23	21	0	21	1	0	0	20
98d53ac51ea	13	67	67	0	1	1	0	6
eaf13431003	13	75	4	71	1	0	0	26
c8c638a8419	16	13	9	4	1	0	0	17
4870a4e3da4	0	11	10	1	1	0	0	5
2fad7a8c1be	2	2	1	1	1	0	0	14
988a164cd88	0	1	1	0	1	0	0	236
58a5bc1ec70	15	13	8	5	1	0	0	25
d3fa0dcb89d	15	4	4	0	1	0	0	21
10ba95c11a9	23	61	40	21	1	0	0	5
2c97da82f5e	12	5	2	3	1	0	0	6
dd1b9477063	14	1047	897	150	26	1	0	5
bec863b7de8	14	19	1	18	1	0	0	3
07804c7c9a4	23	119	81	38	3	2	0	53
db5c26e3b57	0	13	9	4	1	0	0	39
35607f3a2dd	13	155	131	24	38	0	0	57
3806cf0d640	14	347	183	164	31	0	0	24
96ca59fbf38	5	2	2	0	1	0	0	24
39a0836d5c9	15	46	45	1	2	1	0	60
c4aedf8a2ad	11	15	15	0	1	0	0	7
bbf6b4ecbb5	12	26	18	8	0	0	0	17
d0e6c3f5a64	15	43	39	4	1	0	0	17
84221fd1d69	22	69	63	6	4	0	0	4
b7fd55e9a0f	23	16	12	4	1	0	0	5
56668f54d11	23	11	11	0	1	0	0	4
212466bea23	14	41	37	4	3	1	0	39
17ef062db1f	12	22	16	6	1	0	0	26
202ecbc9c7f	16	178	178	0	0	1	0	7
ec03c47c192	23	14	12	2	1	0	0	24
109f8e2773b	12	22	11	11	1	0	0	4
f624be40938	20	4	2	2	1	0	0	7
b0d04ffbd87	11	4	4	0	1	0	0	12
ee77a6a953c	21	21466	2062	19404	63	3	25	5
621caa7bc5e	22	73	1	72	0	0	0	3
da1f48328cd	22	2	1	1	1	0	0	8
16a9dac8ea7	22	14	13	1	4	0	0	5
76ddf06f108	0	50	42	8	2	1	0	25
eec8c2edafd	22	54	26	28	1	0	0	4
7394e89ff61	14	6	0	6	1	0	0	9
0ad005852c7	23	21	17	4	5	0	0	22
5823290390e	0	481	444	37	12	2	0	5
e3ee289cca5	21	22	18	4	1	0	0	4
6a128e037e5	22	62	61	1	1	0	0	42
d7c45ea7d03	12	26	13	13	4	0	0	5
61978f57e6c	23	9	0	9	1	0	0	4
f53441ab1f5	23	48	48	0	4	0	0	10
14a6c4efb85	0	51	51	0	4	0	0	3
2fbf0612a1f	0	18	16	2	2	0	0	6
4a23add90f1	13	17	12	5	1	0	0	33
28b0cc08b8c	21	100	0	100	3	0	1	20
1205734e69d	12	26	18	8	0	0	0	28
cb6d084d356	13	2	1	1	1	0	0	5
82df345fbba	21	4	4	0	1	0	0	12
de18e29784b	22	38	20	18	1	0	0	27
844a0058d0c	22	10	8	2	1	0	0	35
b6b881378ae	15	8	8	0	1	0	0	18
160e4d05348	15	2	1	1	0	0	0	19
8ac017eba7c	13	4	2	2	2	0	0	16
de0303d3ad5	12	95	92	3	2	0	0	15
28e6403a56b	22	8	8	0	0	0	0	22
4b8629db371	22	10	0	10	1	0	0	40
570e4be932c	0	39	36	3	2	0	0	185
a93424da4ae	13	6	6	0	1	0	0	33
ab1e66d93f4	22	568	495	73	23	1	0	5
2f5fa089e9c	0	9	9	0	0	0	0	5
a6fef475ceb	14	3	3	0	1	0	0	17
a7ac1a1d888	0	417	109	308	21	0	0	5
83e5e20c2c2	0	5	0	5	1	0	0	14
b6e989759bf	17	5	4	1	2	0	0	16
b6a3b0a6297	16	57544	1150	56394	76	0	41	5
71ba7bc2a0b	22	72	0	72	2	0	1	32
38c52a0575f	14	1448	970	478	22	0	1	19
77168281661	18	151	119	32	9	0	0	5
8ba1bec47d1	19	71	28	43	8	0	0	5
815a181d036	20	2	1	1	1	0	0	5
1e738c5ef2c	16	30	19	11	6	0	0	8
a25ebb1997d	17	56	36	20	5	0	0	23
8d2753c1412	15	2	1	1	1	0	0	21
335f20896aa	22	6	2	4	1	0	0	70
aa3441ae45b	0	2	1	1	1	0	0	26
4cb17cb219b	14	52	51	1	2	1	0	22
121ed91331b	0	58	57	1	2	1	0	22
22965da799e	1	6	5	1	1	0	0	14
e5649d4b3d0	2	17	11	6	1	0	0	15
f8999da5143	1	13	9	4	1	0	0	17
9d02bfbc252	2	4	4	0	1	0	0	5
a80434736bc	2	86	57	29	2	0	0	105
1f76a2eddc3	2	104	100	4	3	2	0	34
c81dec70e64	4	96	0	96	2	0	2	28
c08e947fbdc	3	5	0	5	1	0	0	4
3ece130ea21	5	376	316	60	3	1	0	14
5b656381242	17	232	231	1	6	4	0	26
c79fd0e167f	20	8	0	8	1	0	0	6
65d824b4887	15	43	39	4	1	0	0	27
6e97b2cc178	13	57	55	2	2	1	0	14
d65832ccd06	15	67	64	3	2	1	0	14
6cf68aead68	19	1601	1345	256	33	3	0	5
2433ec82768	0	119	114	5	4	1	0	32
ddb15603e74	10	2	1	1	1	0	0	7
53b826e6aee	11	2	1	1	1	0	0	14
7b2ef2de208	14	2	1	1	1	0	0	5
8ccfed2edce	8	7	7	0	1	0	0	24
d607d856afc	6	104	0	104	1	0	0	89
ba407ce4106	13	18	8	10	2	0	0	31
5a19c07c087	11	79	71	8	1	0	0	135
d1556fbdd29	13	27	23	4	1	0	0	5
6ecb0cd65d2	15	19	3	16	1	0	0	13
d2e7ca04492	21	26	26	0	1	1	0	6
a3297295371	0	134	77	57	2	1	0	68
910e24b53da	17	87	0	87	3	0	1	15
c6e958d44d6	17	2	1	1	1	0	0	36
a7cc53067d6	16	313	217	96	6	0	0	5
acc085e1318	23	145	145	0	1	1	0	3
9e32c2ef3ed	16	65	62	3	2	1	0	63
ce1b33a9dc8	1	9	0	9	1	0	0	33
875c1106c67	16	272	0	272	2	0	1	20
aad2013508e	17	13	4	9	2	0	0	45
93591a2a883	1	9	0	9	1	0	0	33
5664dd2fc1e	23	22	11	11	5	0	0	30
4e1a2f9a89e	2	216	108	108	2	1	1	43
fa3bfc3a66c	2	12	11	1	1	0	0	45
879efb3338c	15	4	2	2	1	0	0	38
5d0816bf3e5	22	16	9	7	2	0	0	52
412b3cee053	22	8	4	4	4	0	0	5
6573fc35022	22	342	183	159	20	0	0	5
01c3d0aa888	22	71	37	34	12	0	0	5
109f73b2c08	23	134	75	59	7	0	0	7
c7d7ae1fe2b	22	56	28	28	10	0	0	5
7788a6bf85d	23	198	103	95	15	0	0	5
ad6769fc92e	3	35	35	0	2	1	0	44
7d66a9d0604	16	66	29	37	1	0	0	15
ed825f48886	23	29	23	6	2	0	0	18
a6756a2c064	0	1	1	0	1	0	0	6
31fc52ab53b	12	1546	951	595	64	3	1	5
b509ae67b79	17	4	2	2	1	0	0	119
8018113910f	1	9	0	9	1	0	0	33
e4f2a140d28	0	21	20	1	1	0	0	5
e4598aa241d	12	4	3	1	1	0	0	5
f3e78bd3c21	15	70	69	1	2	1	0	87
9668df8b394	22	9	9	0	2	0	0	19
952e42de726	22	659	230	429	85	0	1	5
498200b87c1	0	60	59	1	3	0	0	22
08ac9fe016e	5	77	77	0	1	1	0	35
30e237041d5	15	5	3	2	1	0	0	44
8b0f3ce397b	0	3	3	0	1	0	0	21
6b713b52537	11	23	22	1	1	0	0	105
2dd373894f7	23	11	10	1	2	0	0	25
1c32eb4ae22	11	61	49	12	2	1	0	36
d7bf7ed9935	12	26	23	3	2	0	0	38
13d86a86d61	12	8	8	0	1	0	0	7
814bdf0f51f	15	117	84	33	11	0	0	5
2cbf4586df8	0	71	71	0	2	1	0	82
4a7a98fd0ab	12	72	42	30	2	0	0	45
193320aa3a1	10	1	1	0	1	0	0	4
00b4b7bb97c	21	9	4	5	1	0	0	38
7f2a78bf4d4	14	11	0	11	1	0	0	38
2e371b8f926	20	3	2	1	1	0	0	60
acd0df4ad90	21	4	2	2	2	0	0	130
a39f669bc7f	11	124	62	62	2	1	1	18
9bd9c546c87	12	24	21	3	2	0	0	34
3fe6aba558e	16	14	8	6	3	0	0	21
6aed61f1cad	16	6	5	1	1	0	0	23
3f65916fa99	21	37	22	15	3	0	0	62
cd42f56178c	23	98	68	30	3	0	0	59
5fe05464cb4	11	3	1	2	1	0	0	25
8d14668992f	0	39	36	3	2	0	0	185
6b99fd23237	13	6	6	0	1	0	0	33
a86ebbe2885	21	1	0	1	1	0	1	5
01ee551e704	13	141	103	38	2	0	0	129
b58efe77094	14	63	63	0	1	1	0	32
7b0770bff56	21	32	28	4	2	0	0	33
c4f418d035f	0	162	81	81	2	1	1	16
fd9d8b5e4ab	7	32	4	28	2	0	0	17
144e21ed303	7	141	38	103	2	0	0	26
234551a22a1	7	57	54	3	3	0	0	19
fe103357aee	8	10	7	3	2	0	0	26
5a9d30bb866	20	64	30	34	2	0	0	80
30b0bc4fa93	20	22	8	14	1	0	0	27
d5a5ae3c11b	12	4	3	1	1	0	0	40
aff8d9e716a	16	36	10	26	3	0	0	17
ed3d553d826	16	12	9	3	2	0	0	30
c7b84a1d01f	13	43	20	23	2	0	0	50
14a42450515	18	10	3	7	3	0	0	90
f5f9e8da716	20	64	32	32	2	0	0	17
19d29aa0e81	18	6	4	2	1	0	0	6
3f7e88a852a	13	77	36	41	3	0	0	25
b1b7b4e4e80	14	51	22	29	1	0	0	17
2d069c52107	14	14	12	2	1	0	0	7
7bdd05bd666	15	148	110	38	7	0	0	34
aec6e939312	11	8	4	4	1	0	0	8
3e2be6f39f7	18	2	2	0	1	0	0	14
0dcbecd32bf	0	1	1	0	1	0	0	238
57ef65916ba	13	2	1	1	1	0	0	15
6ad792610b9	20	4231	2269	1962	45	5	4	5
9d10bf58a3c	21	11	2	9	1	0	0	21
ef945219090	22	21	18	3	1	0	0	122
22d3eff8f46	0	4	3	1	1	0	0	9
de9ee2a4830	3	510	338	172	19	2	0	5
8df893c62e5	3	2	1	1	1	0	0	13
4231dab39f8	22	9	8	1	2	0	0	25
b15a10e7a01	21	36214	11466	24748	345	0	50	18
03fe7fb55cd	22	40	23	17	3	0	0	30
51f6e6a9b39	22	778	382	396	27	0	0	7
f80f3c5f62a	0	562	303	259	4	0	0	73
d4a297ccb05	14	2	1	1	1	0	0	9
c80bde1781a	22	2	2	0	1	0	0	28
e505f91266c	18	3	2	1	1	0	0	37
7bc449c0632	19	745	533	212	20	1	0	5
c6e2db2f14d	22	10	10	0	1	0	0	51
522668b5d93	15	4	3	1	1	0	0	36
d8790428602	15	1	1	0	1	0	0	66
12d0f0bd3a6	16	108	54	54	11	0	0	17
c53b921648d	23	5	5	0	1	0	0	53
bb431531a37	1	78	41	37	7	0	0	5
c11612026fa	22	22	8	14	3	0	0	94
f26362e9381	12	2	1	1	1	0	0	42
7707acd6efd	0	31	22	9	1	0	0	5
7189b3ed337	1	24	15	9	2	0	0	18
93156a60570	1	7	7	0	1	0	0	21
426cbedb44e	22	6	3	3	1	0	0	22
80ea63b9581	1	47	12	35	2	0	0	17
ecf9f606c95	19	6	5	1	1	0	0	6
532d9929c7e	5	293	210	83	4	2	1	99
f7b06e0bbc2	15	8	5	3	2	0	0	5
3dbbfd78030	13	7	0	7	1	0	0	6
3d20905b705	14	12	7	5	3	0	0	18
958ab661cbe	14	50	33	17	2	0	0	5
fb3ec32b0ea	15	44	23	21	4	0	0	59
924f603e26b	13	10	7	3	1	0	0	6
71694361f97	13	15	15	0	1	0	0	25
96a314b68b1	4	62	57	5	3	1	0	51
e325ace53c8	4	116	114	2	3	0	0	25
da10bb85ff0	23	8	8	0	1	0	0	22
2c41a802829	15	3	2	1	1	0	0	182
9af0085f700	17	4	3	1	1	0	0	15
7b7235a2324	22	11	11	0	1	0	0	8
fa05e8a2706	21	23	4	19	1	0	0	13
e99dff46177	12	96	79	17	7	0	0	5
ca5022b8f10	14	51	31	20	2	0	0	53
2b5bc8e0d60	22	1	0	1	1	0	0	31
f5a337e09ca	22	35	17	18	4	0	0	5
808b7ada07d	13	10	5	5	1	0	0	28
dc29d64983f	0	12	6	6	1	0	0	8
ad819bcc4bf	0	2	1	1	1	0	0	6
3dac421393b	15	61	61	0	1	1	0	5
e47a3e3ff44	13	114	98	16	5	0	0	5
132c77e9f96	14	13	13	0	1	0	0	7
628bd81afb7	14	14	11	3	2	0	0	27
648a0726d01	18	283	182	101	8	0	0	5
329b5388ba5	12	11	6	5	1	0	0	22
8632af381e7	13	1220	721	499	22	2	1	18
690a8cce418	21	8	7	1	1	0	0	40
05bd6b7bcd5	12	28	28	0	1	1	0	7
44843a60629	15	38	37	1	2	1	0	58
84bb0ec6137	15	39	38	1	2	1	0	48
cfd0dca9ae0	23	83	60	23	6	0	0	68
9352c198857	23	2	2	0	2	0	0	33
0e08e147c74	15	2	1	1	1	0	0	6
a80a132b383	15	27	25	2	1	0	0	6
8548920969d	22	3	2	1	0	0	0	21
982877ec856	23	181	154	27	8	2	0	5
902d6cb6d76	19	4	1	3	1	0	0	5
87f9ece3349	15	830	412	418	35	1	1	5
3f091c72937	15	2	1	1	1	0	0	30
9b8dd395536	0	8	6	2	1	0	0	21
75463899c8e	0	8	6	2	1	0	0	21
b9655fc7581	23	4	3	1	1	0	0	28
e8c01739cd6	22	8	8	0	1	0	0	89
587e83c6d6f	18	9759	6251	3508	200	22	0	4
7357bcb7275	18	26	16	10	2	0	0	4
eeb4c3216d9	23	4	1	3	1	0	0	5
0d5595ac602	11	426	5	421	4	0	2	33
cd96f0aba8f	13	2	1	1	1	0	0	114
dbbfbe74caa	11	5	3	2	1	0	0	40
212eb8a52e8	11	14	6	8	1	0	0	35
38149bb048d	13	63	63	0	2	1	0	49
31d0d5af8e3	14	51	34	17	1	0	0	4
78c5de598bb	18	11	4	7	1	0	0	23
afbaddecd37	19	11	6	5	1	0	0	35
d58ee7e5c72	20	6	6	0	1	0	0	10
ccd37226c6d	20	27	25	2	2	1	0	53
0801a188907	21	35	31	4	2	1	0	63
9f682265d66	14	27107	15759	11348	286	31	0	5
c7d7072e603	18	26	16	10	2	0	0	4
f044a6f3faa	14	3	2	1	1	0	0	7
2e70ddad9d8	21	5	3	2	1	0	0	28
600cd28167b	21	5	3	2	1	0	0	38
92023b4b37a	22	37	37	0	2	1	0	60
a835a2fc47d	20	1	1	0	1	0	0	8
223607c90f8	12	20	7	13	0	0	0	42
2efb6cf0cfb	18	26	16	10	2	0	0	4
cf0fa96db84	15	63	53	10	3	0	0	16
41b75ca9263	12	774	253	521	1	0	0	99
5a16d258efa	20	77	0	77	1	0	1	15
872e720c9f1	20	252	126	126	2	1	1	6
45ed5460093	20	21	10	11	1	0	0	41
626d7abdb43	10	2	1	1	1	0	0	4
4fdb8acdaef	12	65025	22083	42942	463	17	0	47
d3ddee61c2f	12	6	6	0	2	0	0	35
179784e31e7	12	66597	43728	22869	463	0	17	59
2f75785c015	20	12410	8605	3805	220	7	1	5
4c1bb832afc	18	26	16	10	2	0	0	4
b5c172138c8	21	100	98	2	2	1	0	25
ab518e88316	10	223	221	2	3	1	0	19
2cf7e5de6f0	14	66597	43728	22869	463	0	17	73
7ee538ddfe1	1	12182	9030	3152	196	14	0	5
0c405cff684	18	26	16	10	2	0	0	4
7349667467f	2	8	2	6	1	0	0	22
7bfcaa8f911	4	8	5	3	1	0	0	8
69572a39658	4	12	8	4	1	0	0	6
21bd4567639	18	94	92	2	2	1	0	237
e72cd415adf	13	364	313	51	2	0	0	170
9498fd15c70	23	1742	964	778	55	4	4	5
f13a3fd2af3	10	3	2	1	1	0	0	5
3afa5e6b714	19	5	5	0	1	0	0	5
6902f6536ce	20	3	1	2	1	0	0	12
b3d1e504f4a	18	60	60	0	4	1	0	21
7124387b341	20	121	40	81	4	1	1	99
22533c035d0	11	44	32	12	2	0	0	45
f59ab10a641	15	29	16	13	3	0	0	46
d820b644121	13	22	22	0	3	0	0	21
89dcf225260	11	1	1	0	1	0	0	8
e761ac2306e	18	26	16	10	2	0	0	4
fda2b319dc8	19	89	87	2	2	1	0	166
9826b154939	14	2	1	1	1	0	0	8
4d68daea0f3	15	78	44	34	11	0	0	7
448adaa4563	18	36	7	29	9	0	0	4
7890a69e4d8	18	24	24	0	1	0	0	5
d02f2282635	19	71	36	35	1	0	0	6
ef0926ce428	19	5	1	4	1	0	0	6
36ebff0470e	19	5	2	3	1	0	0	5
c188a751031	19	2	1	1	1	0	0	5
a7820a15e7e	10	262	110	152	7	1	1	15
414a909d014	21	12	0	12	1	0	0	5
8a3d0c8b910	18	8	7	1	1	0	0	187
4bb4f734b3d	14	46	23	23	2	0	0	33
82b3524bce8	21	16	16	0	2	0	0	25
6dd78074a3c	21	28407	17490	10917	311	30	3	4
2dbc5ea1b44	18	26	16	10	2	0	0	4
393d33e7ea4	22	28	15	13	2	0	0	18
3b0a759b6ba	22	5	3	2	1	0	0	8
48476273eb1	20	68	38	30	3	0	0	4
10133aaa467	18	92	92	0	1	1	0	18
70a75cd41e2	23	3	3	0	1	0	0	29
0581f5cb604	23	2	1	1	1	0	0	5
41fc46e52ff	20	621	610	11	7	1	0	39
b9165252e3a	21	114	44	70	13	0	0	15
157d2bcc04f	11	4	3	1	1	0	0	78
b255f4c10a8	21	12	11	1	2	0	0	20
3fac4157fef	9	2	1	1	1	0	0	17
a0b6df080d2	10	13	4	9	0	0	0	23
ca3976726b1	22	10	0	10	1	0	0	40
c1bf89df2e9	23	11	5	6	1	0	0	7
cf6acf2a1a8	1	4	2	2	1	0	0	17
92903850579	10	2	1	1	1	0	0	6
806e3008784	0	1	1	0	1	0	0	39
704fd8f3745	15	183362	168948	14414	1178	837	3	4
588040d20d8	2	17	16	1	1	0	0	4
9b3de60d353	12	43	8	35	1	0	0	114
110a9cd8db5	2	5838	2235	3603	43	0	3	181
8985bb8bfd0	5	32	18	14	1	0	0	25
c56a96c25ca	5	4	4	0	1	0	0	25
0693d22f86d	6	383	34	349	4	0	2	19
d2d07421cad	20	15	15	0	1	1	0	14
7684e0b554c	2	206	111	95	1	0	0	8
0181fee411e	16	4	3	1	1	0	0	17
58e4edaf685	20	648	646	2	5	3	0	10
3220bc4254f	16	42	23	19	1	0	0	7
636ca7c6841	12	88	55	33	8	0	0	20
6acde2152fa	12	22	11	11	5	0	0	6
8a65df9baa9	7	16	8	8	2	0	0	8
c679ac8f008	13	105	46	59	5	0	0	18
fa46483fe20	22	24	15	9	1	0	0	30
2c47030174b	12	62	12	50	3	0	0	98
e0c4fba0ac2	18	6	4	2	1	0	0	10
2b7d86ec736	10	13	10	3	1	0	0	6
db13983e688	13	1	1	0	1	0	0	30
2bedf6efb16	20	16	11	5	4	0	0	49
d11e7c20750	10	4	2	2	1	0	0	8
221c689ebba	2	19	12	7	3	0	0	36
0e48cb4998a	19	10521	5368	5153	138	14	14	5
d4c14c1fe54	21	66	63	3	3	1	0	12
0161ec87af3	21	120	28	92	8	0	0	4
ca9eb718fbf	21	1522	733	789	25	0	0	38
e1fe8d4ec08	21	93	26	67	7	0	1	8
d75f67f949f	21	207	103	104	3	0	0	8
14f45ba739a	10	550	275	275	4	2	2	9
254b7111559	19	5	2	3	1	0	0	29
e3bb6e11c3b	2	17	16	1	1	0	0	4
ed806385bfd	11	16	8	8	1	0	0	69
e20811a6288	15	25	11	14	1	0	0	20
d8240769c65	16	10	0	10	1	0	0	6
4b279f00921	10	39	19	20	3	1	1	32
457d5292415	16	3	2	1	1	0	0	20
0330bdf5195	16	839	408	431	38	1	0	17
44ed42bd971	20	18	10	8	2	0	0	5
e4363145bad	10	5	4	1	1	0	0	28
0de5b831e2e	21	4	4	0	1	0	0	5
015ec05272c	22	8	4	4	1	0	0	60
4881a6a9a3b	22	2	1	1	1	0	0	5
2b569deed32	9	1	0	1	1	0	0	5
04f87de3da3	10	187	117	70	4	1	0	27
e5233939be1	12	100	100	0	2	2	0	8
8f571b52a74	17	4	0	4	1	0	0	4
c13bfdc0913	14	8	8	0	2	0	0	17
1bd711c8a09	19	25672	21645	4027	309	159	4	5
34b0a36120a	3	119	7	112	5	0	2	49
6bd922fce83	22	68	49	19	5	1	0	66
dc9acd4faeb	11	2	1	1	1	0	0	11
2fc47ab10bd	15	14012	12319	1693	209	113	1	5
511af4dd5fb	19	26	14	12	4	0	0	30
71b3138925f	19	1	0	1	1	0	0	6
8111ca2f9fd	19	174	89	85	3	0	0	19
4cc57b4aca6	18	61	29	32	2	0	0	39
3ff2cbc892c	21	617	516	101	25	1	0	11
2cd7adc7f44	19	16	14	2	3	0	0	33
dce26ccea16	12	12	12	0	2	0	0	34
6327d67be3a	12	64	52	12	2	0	0	61
3398cce1934	3	157	93	64	1	0	0	93
847c6d980c8	20	59	29	30	1	0	0	124
02cab974906	21	259	129	130	22	0	0	27
1ef1be376c1	10	1	0	1	1	0	0	7
a622bde9e62	10	10	6	4	0	0	0	21
fc6f8a69438	12	50	46	4	2	1	0	82
98db7babccf	14	6	4	2	1	0	0	93
9e1eb361e8d	14	4	3	1	1	0	0	34
e772a7deaf8	11	2	1	1	1	0	0	26
78d90945d6c	21	44	19	25	8	0	0	27
350fc8064e3	23	15	5	10	1	0	0	26
d4cc30f18c2	20	19	12	7	5	0	0	27
5383e758852	20	19	9	10	5	0	0	14
222e5239fc5	0	8	6	2	1	0	0	37
576496632c9	13	2	1	1	1	0	0	58
45d056ee695	13	4	2	2	1	0	0	25
b8a7eedea32	15	7	3	4	1	0	0	28
c079f6e2104	12	10	4	6	2	0	0	22
4692b725dea	12	6	3	3	1	0	0	19
da5ad92ab22	15	156	84	72	3	0	0	37
54a9ec4ef09	15	30	19	11	3	0	0	24
d24decb87ba	16	20	0	20	9	0	0	14
b9150344ac3	19	11	6	5	1	0	0	20
f674b09f40d	19	1259	747	512	29	0	0	147
41ec6d0580d	0	61	57	4	3	1	0	158
1449739de00	2	72	47	25	2	0	0	30
78f709d0d43	15	7	6	1	1	0	0	24
f548433195b	5	4	2	2	1	0	0	5
f9b7714b4b3	20	19	9	10	4	0	0	59
c75251ced21	11	6	5	1	0	0	0	53
d046e9d0330	11	6	6	0	0	0	0	26
52e47b24b37	11	433	217	216	0	0	0	38
c937f5b5874	9	32	18	14	0	0	0	28
39aa894035f	13	14	8	6	0	0	0	34
f69be329f0d	14	15226	8426	6800	216	18	5	5
a20d565d9c4	0	8	6	2	1	0	0	52
2b5b37a3abd	21	5	3	2	1	0	0	38
4ffa943c3f2	15	11	6	5	1	0	0	35
6cd7fd7d243	15	75	33	42	2	0	0	48
e0a8e1bf77e	18	257	0	257	2	0	1	15
5725864dfdc	18	88	38	50	4	0	0	44
624938d0529	20	2	0	2	1	0	0	6
4901353b982	21	345	174	171	2	0	0	40
d4ad5d1151d	21	48	24	24	2	0	0	16
ffc5d83568c	9	9	5	4	2	0	0	24
d2b80b8a60b	10	65	34	31	1	0	0	13
d684f50acba	15	3	0	3	1	0	0	24
2669966e767	21	121	67	54	4	0	0	29
dce02a10557	21	2	1	1	1	0	0	16
98c54246c20	12	31	18	13	1	0	0	17
9c59978f495	14	13	8	5	1	0	0	25
7a3f7780dc9	17	23	23	0	2	0	0	18
0aa13357d67	17	26	15	11	2	0	0	39
a1ea8a27e6d	20	5	3	2	2	0	0	23
9475ee41ad3	14	9	8	1	1	0	0	37
ec548734cae	14	4	3	1	1	0	0	8
f55aca65154	14	2	2	0	1	0	0	18
0c2960ef4ab	0	61	57	4	3	1	0	112
3e25ed905cf	14	6	3	3	1	0	0	25
8d42c6344b7	1	39	30	9	2	0	0	24
bc28acdd029	10	18	17	1	2	0	0	26
2891790dbdc	12	8	1	7	1	0	0	4
48976d29f4a	0	4	1	3	1	0	0	4
9ac75d1f06d	13	48	5	43	3	0	1	14
9fc006618ff	22	9	3	6	5	0	0	5
0523da64d2a	11	2	1	1	1	0	0	23
3a87b31bfa0	12	19	0	19	1	0	0	16
556b890ad91	12	1	1	0	1	0	0	25
8d567f43d01	14	30	14	16	1	0	0	15
29d3624daed	19	53	53	0	2	1	0	19
699f636d975	11	2	1	1	1	0	0	16
21911db392d	12	5	2	3	1	0	0	4
8e596c4e15f	12	4	3	1	2	0	0	63
653f62a709c	12	46	25	21	4	0	0	31
a9eb96d0201	12	2	0	2	1	0	0	4
4915884da69	9	103	98	5	2	1	0	175
bbed881ec41	21	103	5	98	2	0	1	71
10ccbd501f8	21	1	0	1	1	0	0	35
c5ed96a4b12	12	6	3	3	1	0	0	32
d6fb764cc2b	17	4	2	2	2	0	0	21
185c515c9fe	14	255	138	117	3	0	0	57
ed8d97f572f	22	2605	1407	1198	77	0	0	17
358c2901567	7	1	0	1	1	0	0	20
7494c84fe6f	12	634	347	287	49	0	0	34
b4b3a4deaff	18	138	69	69	2	1	1	19
6df4741f840	19	6	4	2	1	0	0	126
81655a224a3	0	38	11	27	3	0	0	25
756b6222956	22	4218	2517	1701	45	4	0	151
b89b97ddedc	18	73	44	29	5	0	0	66
204228b57f0	8	2302	1151	1151	14	7	7	41
9fad8e5dc44	12	6	3	3	3	0	0	42
7c554a5cd0f	10	10	7	3	1	0	0	7
a0f79867dcc	3	27	27	0	2	1	0	31
03738183c74	4	53	42	11	2	0	0	159
7ac23910c52	20	15	15	0	3	0	0	51
75ea566f5ab	12	2	1	1	1	0	0	27
14687ebfc0e	14	552	52	500	19	0	2	46
c79d5163e53	10	452	297	155	12	2	0	35
994ce4c99fb	8	7	4	3	1	0	0	28
f311963ff94	0	2	1	1	1	0	0	26
b7f36e187d1	6	13	13	0	1	0	0	21
6820054d2d4	10	23	23	0	1	0	0	27
57231d5286b	4	58	58	0	3	0	0	52
9566fe82cdd	8	22	17	5	1	0	0	50
f649626c6fa	9	70	49	21	1	0	0	50
58729f1bcdc	17	5	2	3	1	0	0	31
d97ea06d885	12	7	7	0	1	0	0	14
b011811a9ff	9	48	46	2	2	1	0	94
406846fcc51	17	23	19	4	1	0	0	28
9777890f5d9	15	2	1	1	1	0	0	49
51cdce8322b	12	112	71	41	1	0	0	37
ff1efdd6eea	12	1	0	1	1	0	0	17
527cae22ff8	9	16	8	8	1	0	0	5
45885a1e8c3	9	37	36	1	2	1	0	39
56c5806da36	11	1	1	0	1	0	0	27
9a3a0ccc502	8	9	8	1	1	0	0	31
5ef03bc3eed	10	57	33	24	1	0	0	28
5bc5210b923	10	7	2	5	1	0	0	22
ca363cf1ae9	21	173	64	109	6	0	0	92
4234bcce486	0	40	36	4	2	0	0	70
ceb8740a636	10	61	30	31	2	0	0	46
a2d1cbef6ba	11	60	53	7	2	0	0	29
78fe7d0592c	17	3	3	0	1	0	0	55
91a0e52c03d	11	2	1	1	1	0	0	7
ef4a35bca5c	22	22	15	7	4	0	0	6
11895717449	11	6	3	3	0	0	0	45
0079e575e03	11	27	12	15	1	0	0	8
808a968409b	11	6	3	3	0	0	0	100
610022851aa	12	47	47	0	5	1	0	18
4c0195e0340	12	61	16	45	4	0	0	55
0c5981b2263	9	30	17	13	1	0	0	25
c4def505cb3	19	149	77	72	4	0	0	109
df3537102b9	14	3	2	1	1	0	0	16
962686b67b9	20	30	16	14	1	0	0	37
7acdabbf500	21	2	1	1	1	0	0	19
515607a7402	7	53	51	2	2	1	0	13
10cf8ade635	11	2	1	1	1	0	0	31
3facd4e1dc4	16	3	3	0	1	0	0	51
0619467bd34	20	50	18	32	9	0	0	38
146b2e267b5	21	3	2	1	0	0	0	33
3dcc9b93e1e	21	11	0	11	1	0	0	70
5ab863de226	22	241	241	0	1	1	0	6
e159073da59	22	100	30	70	1	0	0	18
d4c09f20c8d	22	24785	24785	0	1	1	0	35
a12870c823b	22	6861	3419	3442	2	0	0	22
f230a1cf749	1	59279	31694	27585	477	64	21	57
09724b311ee	21	135	76	59	21	0	0	25
fd819efbdfb	20	8	5	3	2	0	0	30
c0d62c207ee	9	18	10	8	2	0	0	23
27f115d7154	9	62	31	31	17	0	0	26
5235d71f895	10	27	18	9	1	0	0	29
85c8eeb8389	0	1	0	1	1	0	0	6
a763db8fc0c	15	43	16	27	1	0	0	17
1394d5856b4	15	1	1	0	1	0	0	14
bd9c66668c6	13	83	55	28	2	1	0	84
d29fe0f2c66	23	14	7	7	1	0	0	11
3ac69469991	0	15	15	0	1	0	0	4
de8c0a51a7a	22	2	1	1	1	0	0	8
84c03a984a5	14	16	15	1	4	0	0	36
658aeb2ca0f	2	2	1	1	1	0	0	56
9e32a7daaa6	16	26	24	2	2	0	0	41
2eaef9f6daf	22	4	4	0	1	0	0	62
f057c7049ee	16	7	4	3	2	0	0	47
262a752c294	17	102	73	29	4	1	0	131
db5abd726f6	17	77	35	42	3	1	1	20
cda41f8775e	11	4	2	2	1	0	0	38
8c303115f5e	15	10	8	2	1	0	0	24
023f0a3122d	15	7	4	3	1	0	0	24
74d9aa49d57	10	106	86	20	4	0	0	33
6514a4128c3	12	5	4	1	1	0	0	23
09c51d5e40a	22	6862	3420	3442	2	0	0	22
1f2f3fa83a9	2	171	89	82	3	0	0	60
4dc6f4adf48	19	6	3	3	1	0	0	81
010222d39fb	13	407	403	4	7	3	0	46
d23ac0ea9cb	21	63	63	0	3	1	0	25
2b6e078833b	12	154	91	63	2	1	0	33
bbd56d881db	12	87	87	0	4	2	0	61
3421d29d631	22	2	1	1	1	0	0	8
a2eeb43deda	13	85	84	1	3	2	0	43
bd8a5755dce	13	2	1	1	1	0	0	78
6bd78fd7704	21	2	1	1	1	0	0	108
1f17f88071c	17	52	30	22	4	0	0	52
91b4a561dfb	20	3	0	3	1	0	0	18
a3dca9a3a68	20	2	1	1	1	0	0	129
f6ea0c203aa	22	20	12	8	3	0	0	131
8eb76075cf5	0	7	3	4	1	0	0	21
ad15d75750d	0	4	4	0	1	0	0	27
e87ceb2b427	0	233	151	82	1	0	0	80
c30cc4e3a5e	1	36	8	28	2	0	0	121
23dfa71dd53	6	63	38	25	5	0	0	40
7989f42f866	4	4	1	3	2	0	0	52
70f198ddb1b	20	15	15	0	3	0	0	145
f68a116c3c0	22	37	37	0	1	0	0	92
490d5ab7808	12	37	9	28	2	0	0	34
67e078094b5	12	143968	116944	27024	696	252	34	5
5e24adbb90d	13	10	7	3	1	0	0	16
c7214fe3555	13	22	13	9	3	0	0	52
bd24ab2bd78	13	58	58	0	3	1	0	36
3f3a71e61e9	11	6	6	0	1	0	0	81
17fbdc18b8c	14	56	45	11	3	1	0	79
885142a5edc	11	14	10	4	1	0	0	87
48675784fe6	12	6	6	0	1	0	0	24
a367f62adfe	11	60	59	1	2	1	0	36
13553c13328	11	12	7	5	1	0	0	28
6f952845a6b	23	6	3	3	1	0	0	50
4394c8a9b38	13	146	44	102	1	0	0	52
820aaf5b3d2	21	95	61	34	12	0	0	29
8ae32a98642	13	3	1	2	1	0	0	46
3a280b2034e	3	95008	45225	49783	830	91	17	8
dde590d8b93	3	2	1	1	1	0	0	9
5d178188a7c	9	30	20	10	2	0	0	27
d78a3787d26	14	26	25	1	2	0	0	23
72dcc26c7af	10	11	8	3	1	0	0	34
437c2f43833	17	1	1	0	1	0	0	9
de9a444ab4c	21	2	1	1	1	0	0	27
1e99486cc83	2	6	6	0	2	0	0	22
b33a47ef473	22	17	15	2	3	0	0	41
8e6706ea95c	22	9	7	2	1	0	0	42
150d6f12494	22	25	15	10	3	0	0	32
299cf84490a	23	1	0	1	1	0	0	88
06526a2a937	15	28	6	22	3	0	0	26
6f07d2fa1bb	3	2	1	1	1	0	0	9
b8a8e5558d7	9	30	20	10	2	0	0	27
8d9493c315a	14	26	25	1	2	0	0	23
21e60643b07	13	82	82	0	4	1	0	36
3c9c920f570	22	241	241	0	1	1	0	16
479b0b4e543	22	100	30	70	1	0	0	28
f9456a2d365	22	31238	30865	373	2	1	0	17
1eb1e0a9af9	8	1	1	0	1	0	0	36
93533e98f76	11	20	10	10	1	0	0	44
