Commit Id	Time	Total LOC	LOC added	LOC removed	Files affected	Files added	Files removed	Commit Msg
6ded7fec5fb	15	138	73	65	3	1	0	1
4a5bab8ef62	15	11	6	5	0	0	0	5
7b7ceea4eca	16	164	51	113	2	1	0	2
b518ed9db20	16	9	7	2	2	0	0	3
74f4eb9a2e9	20	126	37	89	5	0	0	4
cc1a61c1e7b	16	70	47	23	4	0	0	2
096384ad584	16	4	4	0	1	1	0	1
90ea571602c	17	39	26	13	3	0	0	3
d945ba68a29	12	922	249	673	5	0	3	10
f6b541bc373	20	199	132	67	2	0	0	7
aa72b99917f	20	35	18	17	2	0	0	3
1a71a3c9d49	21	16	11	5	2	0	0	12
2ee65b8ea25	18	139	129	10	2	0	0	5
bd136fae40c	11	68	22	46	2	1	1	2
1afe6d26dbc	14	305	268	37	5	3	0	6
19478ed4b14	0	1791	969	822	9	6	3	31
f9374eeb778	1	103	77	26	2	0	0	7
f16e50d3871	1	152	81	71	1	0	0	5
a890b674061	18	707	438	269	4	2	0	6
e02b71ebe87	23	185	95	90	9	1	0	9
dbbd25ae65d	9	19	9	10	7	0	0	8
559c1987bef	9	2	2	0	1	0	0	4
9e5eff3b273	10	117	113	4	4	2	0	5
8b71ba5e683	10	24	22	2	3	1	0	37
ab248e8422b	11	16	15	1	3	1	0	2
02638103f79	18	359	359	0	2	2	0	6
4ea5ab63c14	18	24	22	2	1	0	0	2
93c7e88c879	12	443	307	136	4	0	0	6
e2d20fe2935	12	82	75	7	1	0	0	7
bc1ebdf5a57	13	101	62	39	2	0	0	3
db618cb7084	13	19	12	7	3	0	0	7
ea728d35ef4	13	30	28	2	2	0	0	7
16ef5029dee	17	44	44	0	2	0	0	14
b4985d1a6ed	18	484	354	130	6	0	0	6
64ac9efb3dd	16	201	63	138	4	0	1	8
5131e0a1ef7	0	176	108	68	1	0	0	3
e78917b3b05	13	26	8	18	1	0	0	5
a8ac42384d7	13	110	65	45	4	1	0	7
7b45c911ef0	16	41	33	8	2	0	0	23
5b08b827f9e	17	4	2	2	1	0	0	5
1e5de42a75e	11	79	31	48	5	0	0	8
adf18d84af4	8	4	2	2	2	0	0	19
55097bb572d	10	24	13	11	3	0	0	11
742b221e4bb	11	12	12	0	0	1	0	3
fd52fa7c16e	11	13	13	0	0	0	0	5
878ca395b37	11	4	4	0	0	0	0	5
2309196c34d	15	16	15	1	0	0	0	3
c5183738388	11	28836	28836	0	36	44	0	5
1a126ed11c1	12	3393	1829	1564	17	13	9	5
0e9e927fcb7	14	42	35	7	2	0	0	6
63a9cd38977	8	2263	1763	500	15	12	2	18
e8ce6ef790e	19	231	217	14	3	0	0	3
0ab4f5c276d	9	572	0	572	2	0	2	21
7e1350f6e44	9	170	145	25	2	1	0	2
844f923825c	11	95	0	95	2	0	3	4
86eab1f1310	11	8	5	3	1	0	0	7
470c6342ccb	11	118	53	65	2	0	0	9
c0b90ca763b	11	35	18	17	2	0	0	8
e303d950d9d	11	75	28	47	4	0	0	8
12d31dd0b72	18	362	216	146	5	1	0	4
c8e20fbf811	19	259	168	91	4	0	0	7
e5a6b07d6ae	19	27	0	27	0	0	1	3
dd691decd28	16	448	218	230	4	0	0	6
5207226da36	0	32	23	9	4	0	0	6
e7dd20dc6e2	8	64	64	0	4	2	0	4
e368571f462	12	19	5	14	0	0	0	8
102c6399ac3	12	82	41	41	1	0	0	4
67af958f812	13	1879	949	930	9	4	4	8
c2decd720f5	0	24	24	0	1	0	0	2
93f7f0dca01	0	301	161	140	5	0	0	21
64117d9c948	16	45	12	33	1	0	0	6
7baacb56a9a	16	2	2	0	1	0	0	8
f5b2a8f072a	16	189	0	189	8	0	8	4
ec9697b1ba4	11	21	14	7	0	0	0	3
408526a1c13	11	92	81	11	8	5	0	4
a0f2b8a0c5d	12	15	7	8	2	0	0	6
47fad676b44	13	90	37	53	4	0	0	11
5d57fa5060f	14	207	82	125	2	0	0	5
d105d886254	14	23	12	11	4	0	0	3
707f244291e	17	426	188	238	2	0	0	5
1542fc6a0bf	21	158	110	48	3	0	0	5
140a0328945	21	8	6	2	1	0	0	9
822d7fa27e1	8	164	134	30	3	0	0	10
5f902a61e1a	11	81	73	8	1	0	0	19
3095861199f	11	4	2	2	1	0	0	7
c986b99ddc6	12	8	4	4	1	0	0	9
48b4ac4a8d6	12	6	5	1	1	0	0	2
d996b59d9c0	13	49	36	13	3	0	0	3
63ec0454d25	13	51	49	2	2	1	0	6
f3f9a08de13	14	13	7	6	1	0	0	5
e6d96e8e666	14	101	51	50	2	1	1	4
7703ad5153d	15	54	44	10	3	0	0	8
a93cf503073	16	12	0	12	1	0	3	5
40c0f755c99	17	265302	265280	22	747	761	0	6
c62b1240826	17	44929	44921	8	177	177	0	10
8514e0627aa	23	13	7	6	1	0	0	4
0b1e3240be1	10	34	20	14	2	0	0	7
a4593e3ebd0	11	68	43	25	1	0	0	19
8a8e9df72e2	12	12	8	4	2	0	0	6
0ea7577a725	13	4	2	2	1	0	0	6
29b528c980a	15	49	28	21	0	0	0	10
f17ecf20bef	17	6	3	3	1	0	0	7
8e7bbf26e2b	17	13	11	2	0	0	0	4
90fc8d36220	20	1678	105	1573	20	0	7	32
cf1c58063e1	21	117	67	50	13	0	0	7
064c8f02520	23	173	72	101	4	0	0	8
f213a276572	9	300	139	161	6	2	2	16
0f5170339c0	9	82	15	67	6	0	2	19
cbd342a12db	12	158	89	69	3	0	0	43
fd392d0a50b	12	17	5	12	3	0	0	12
3886e183fd5	12	14	14	0	1	0	0	4
15d24d8002a	14	913	450	463	4	0	0	90
1713386580d	23	95	65	30	3	0	0	5
13062832d8f	23	33	17	16	2	0	0	6
bb6057d9ad1	23	26	13	13	3	0	0	4
5a071ad72fb	12	11232	7223	4009	29	5	19	13
be6b3acf0e7	19	227	211	16	5	1	0	13
4860f1c92cb	19	73	68	5	2	0	0	5
09c2ae5c3e8	10	128	67	61	5	0	0	60
38726e72726	13	175	99	76	5	0	0	9
6149c6c49a1	14	29	15	14	3	0	0	4
b763ee0ad45	14	33	21	12	1	0	0	5
9c3770d9999	15	119	100	19	5	0	0	17
2e5b85a13bc	15	28	14	14	4	0	0	20
30450388d61	10	1414	491	923	16	0	9	8
cfd61622ae1	16	175	134	41	7	0	0	56
ae7c6314cad	17	42	30	12	3	0	0	13
0bb12be6609	19	16	9	7	1	0	0	4
a80591aff67	12	327	201	126	3	0	0	57
9f2938b7134	13	18	9	9	1	0	0	6
62a14653323	17	54	43	11	1	0	0	4
103a8800c7b	10	147	98	49	2	0	0	8
ba179405519	14	187	119	68	5	0	0	3
43531093a30	14	13	11	2	3	0	0	4
55d840ea96f	15	4	4	0	2	0	0	6
421b9558887	16	64	48	16	1	0	0	7
918c71856a7	17	50	43	7	1	0	0	7
7869ed6681e	21	24	17	7	2	0	0	3
3a41367c408	22	93377	53111	40266	293	98	47	5
15c1e0b0079	1	69	38	31	1	0	0	6
94a182a2c8f	1	2	1	1	0	0	0	4
4d39a3586c9	9	24	12	12	3	0	0	10
b34792a4800	15	222	222	0	1	1	0	4
d64a78ac46d	19	24	13	11	1	0	0	4
f6c955b7f43	19	62	34	28	4	0	0	6
3212b31ea1a	19	364	182	182	3	1	1	4
740139408da	21	79	39	40	3	0	0	5
8d00691f784	21	6	4	2	1	0	0	9
427e3f5dcbc	11	56	37	19	7	0	0	7
4b2cd6f3059	12	4	2	2	0	0	0	10
028c278a054	13	447	285	162	1	0	0	4
28f86c7aa88	15	77	73	4	2	1	0	2
dfde465483d	15	11	0	11	0	0	0	3
de6036669d3	16	6	5	1	2	0	0	5
31ba3cde17e	18	78	47	31	6	1	1	8
73fb24f48d9	21	289	152	137	6	0	0	69
febbf75302b	23	42	36	6	3	0	0	21
589d8af5d4d	23	28	23	5	4	0	0	9
81691c7dc59	23	19	9	10	2	0	0	9
baed9d514d0	14	83	69	14	11	0	0	64
fb96f07eceb	16	158	149	9	4	1	0	10
2cb81113ecc	20	33	31	2	2	0	0	8
91bd3124adf	10	35	27	8	2	0	0	53
175223d5d79	10	35	15	20	4	0	0	38
9a63d8ec28b	10	78	39	39	4	0	0	7
9c0db09d950	11	63	38	25	1	0	0	4
d0b59619609	13	905	460	445	5	4	1	4
478e45a32fa	10	324	167	157	3	0	0	26
69ab87ca53f	11	69	63	6	3	0	0	11
310eed03e00	11	60	41	19	3	0	0	6
9c70bf356be	12	9	8	1	1	0	0	12
edc38b4134e	17	1033	832	201	6	1	0	6
456bb1b9f81	21	132	58	74	1	0	0	4
3bc73ba9674	22	32	15	17	2	0	0	6
87e6578aa9e	11	206	167	39	4	1	0	7
5dce17c5aae	11	9	2	7	2	0	0	3
37005683222	12	26	26	0	1	0	0	9
536eceaa2db	12	97	79	18	5	1	1	8
a5d50563273	14	12	6	6	1	0	0	9
6a172d71199	18	97	70	27	5	0	0	9
b9fedf05009	18	5	4	1	0	0	0	8
b445514898c	18	1	0	1	1	0	0	3
82e773630b3	19	72	67	5	4	1	0	10
5e37dfca025	20	203	105	98	4	1	1	5
1b54e3d87d9	8	80	32	48	4	0	0	6
0ef5c99973f	8	22	6	16	3	0	0	5
a1aecc9378e	8	6	3	3	2	0	0	6
81b39a04cd9	11	12	9	3	1	0	0	6
6a582a4d9a5	11	135	62	73	1	0	0	3
691467670df	14	104	97	7	2	0	0	3
cb3a11d72a1	14	34	17	17	3	0	0	5
e787e11a1b1	14	86	74	12	1	0	0	5
6244f778220	10	56	37	19	3	0	0	8
58c13e51924	10	81	41	40	5	0	0	5
5c2389fada7	11	405	239	166	4	0	0	37
3eb4819db1e	11	33	26	7	3	0	0	6
f3af6c6f531	17	36	22	14	1	0	0	2
d1b0ce6d37a	1	1020	463	557	5	0	0	53
2fe090b7f60	1	18	9	9	1	0	0	7
a9f29cd18d9	9	312	178	134	3	0	0	7
c326614c8d9	10	58	49	9	2	0	0	6
cf0eebf6854	13	1608	871	737	2	1	1	4
e8f177aa2d5	15	281	139	142	7	0	0	8
24ebd0360a2	16	27	21	6	2	0	0	7
c4e53c7cebd	16	23	13	10	1	0	0	4
3bdd042a6e5	16	30	15	15	6	0	0	4
b260a9108b5	17	544	482	62	6	2	0	9
11b2e5dcc4b	18	16	0	16	1	0	0	9
562db19d32d	23	2	2	0	1	0	0	5
765815ba1f2	23	42	42	0	0	2	0	3
b3338273b4a	12	1686	846	840	3	2	0	6
1d8c4659d16	13	55	27	28	3	0	0	5
a3627c06f82	14	45	25	20	0	0	0	14
80eed19612d	16	9	7	2	1	0	0	6
d460bdd31f4	16	10	6	4	1	0	0	5
d958befde10	10	0	0	0	1	0	1	4
3c701cb56d4	11	88	78	10	1	0	0	5
34a6f10695e	12	12	7	5	1	0	0	5
247c9d22106	11	1	0	1	1	0	0	5
aceb1987ed6	15	33	0	33	1	0	0	28
272c4167da5	16	21	13	8	1	0	0	3
7bd2282a9f8	16	100	48	52	1	0	0	6
d13d06467ab	17	52	36	16	1	0	0	4
739276b3a58	12	38	19	19	1	0	0	5
4fbe15f065d	12	2	1	1	0	0	0	4
ed283dc2800	10	31	21	10	3	1	0	5
8bf2a2fa553	18	14	11	3	2	0	0	9
d0988da515f	9	15	7	8	1	0	0	3
b933743d83f	8	7	4	3	1	0	0	5
8cfdd326a85	10	49	38	11	4	0	0	37
c457b829e29	10	12	11	1	2	0	0	10
c226f817682	13	26	17	9	3	0	0	5
bee7ef90bda	10	6	6	0	1	0	0	6
6e4e2286651	13	29	15	14	1	0	0	8
51708235729	13	7	7	0	1	0	0	3
5558bc4e6e1	18	36	31	5	4	0	0	5
887f0569235	21	15	11	4	2	0	0	36
b6fe4aec501	13	315	153	162	13	2	1	24
f6a7fe26574	14	149	122	27	7	0	0	49
696f0245579	16	22395	14130	8265	306	21	2	4
8b49cef10b9	17	360	187	173	14	3	3	22
8c146dfa0b6	21	4	2	2	1	0	0	7
ddac43f4ba0	8	13	12	1	1	0	0	8
dca7f7bada6	8	54	54	0	1	1	0	7
90d584129d9	11	13	10	3	0	0	0	8
88c04e74c99	12	59	55	4	2	1	0	14
4bd63d35fb9	13	225	179	46	3	1	0	8
44dc6735e32	13	2	2	0	0	0	0	4
2641582399c	15	2	1	1	1	0	0	6
0d780fe6b87	13	4	2	2	1	0	0	8
00868b95653	13	28	0	28	1	0	0	2
080fa54a858	16	111	65	46	1	0	0	10
4624906e2a9	16	694	430	264	3	0	0	2
6bfcfa7d743	17	2	0	2	1	0	0	4
2a7a2f671ac	0	25	25	0	0	1	0	3
f657a6324a0	9	7	5	2	2	0	0	24
452d3f14187	11	12	7	5	0	0	0	9
728af1faa86	11	6	3	3	1	0	0	5
1a1406c80e2	11	2	1	1	1	0	0	9
4cfc982c776	11	8	6	2	1	0	0	2
1ec9f821e1d	13	2	1	1	1	0	0	2
3a0de007aac	13	21	12	9	3	0	0	8
fd83e1d7d80	15	640	415	225	3	0	0	3
825d7a8be83	15	7	0	7	2	0	0	4
916b9ca715b	15	65	35	30	4	0	0	10
f76c3dc3ca6	12	6	5	1	1	0	0	2
6697cd07251	14	30	18	12	3	0	0	3
9bcbcc4a7f6	14	4	3	1	0	0	0	4
dcf5e720369	12	55	31	24	2	0	0	3
870b5db46c1	13	99	39	60	5	0	0	5
7cce31d4e4c	14	6	2	4	1	0	0	4
7bad9dea513	13	20	13	7	0	0	0	7
3b05cf260ea	13	68	42	26	4	0	0	7
225637a15c1	15	58	48	10	1	0	0	6
193283bc381	15	3	3	0	1	0	0	7
40ee8524253	17	10	6	4	0	0	0	10
194eeac0d9e	17	35	35	0	1	1	0	8
d77f7577451	18	22	15	7	2	0	0	3
b3b6f8c02ef	8	4	2	2	1	0	0	5
27b268b8c13	13	138	70	68	3	0	0	2
84f9178e664	16	8788	6739	2049	107	2	0	4
e30e4415eed	12	241	107	134	5	1	2	3
61fcbb1cd69	12	195	145	50	3	2	1	6
89d891f9121	12	20	12	8	1	0	0	5
2b557c467f8	12	34	16	18	3	0	0	4
7ec90dbfd0a	13	23	3	20	1	0	0	6
ec5f3dbae11	21	6	5	1	1	0	0	2
25d14bd0015	13	4	4	0	1	0	0	10
83cb156b6f7	14	273	273	0	3	2	0	3
03c5772ce40	11	273	247	26	2	0	0	5
a78ea510a2f	11	19	15	4	2	0	0	3
2fd4958698b	11	31	27	4	2	0	0	3
e39923a3d7a	11	39	28	11	2	0	0	4
0f76d3e6d8b	11	137	137	0	1	0	0	3
e71b089cd77	11	26	26	0	1	1	0	2
145072e7362	12	15	15	0	1	1	0	2
c5b5815ae7f	12	6	4	2	1	0	0	4
da03a02a98f	12	61	61	0	1	0	0	4
f17b76afa40	21	60	50	10	1	0	0	3
00d9b886c14	21	2	0	2	1	0	0	3
115c4942db4	11	95721	47866	47855	364	185	185	22
dce072a67e0	11	106	51	55	2	0	0	1
3fed1a09543	11	3330	2278	1052	46	25	21	4
7703a4cacb3	12	2	1	1	0	0	0	4
cc67d8efc76	16	11	6	5	0	0	0	6
f56309deee7	17	23	4	19	4	0	0	5
0ff62b2ea07	17	81	30	51	4	0	0	5
b9f3ae23cff	8	10	5	5	1	0	0	6
0e67b34c277	9	8	7	1	2	0	0	35
7363ccd2732	11	145	113	32	3	1	0	66
bdad5e7333b	11	14	8	6	1	0	0	5
fbe0be19ebf	14	6	5	1	1	0	0	2
5b7fb1003ce	21	29	29	0	1	1	0	15
5ab93502d04	22	8	3	5	2	0	0	4
be963d68af4	22	25	19	6	1	0	0	6
9615c93d2d2	22	3	3	0	0	0	0	3
b77e603e044	16	16	12	4	1	0	0	5
bd952ac61e2	17	13	13	0	1	0	0	8
2ecd7ffe541	17	209	146	63	7	3	0	8
b4af3b9fb54	18	112	63	49	3	0	0	3
ed3d6a63d52	10	294	135	159	16	0	0	103
20c0e1fdfba	16	550	279	271	1	0	0	3
70fe920fb5f	16	256	105	151	8	0	0	32
80bf451e6ee	23	46	13	33	2	0	0	4
ed926da691b	18	150	74	76	12	0	0	3
7cd09874c66	10	73	70	3	4	0	0	3
65324866bcf	17	671	416	255	13	0	0	5
c9cb41cf807	17	2	1	1	1	0	0	10
4787a41b848	17	4	2	2	2	0	0	4
89320036a81	17	4	2	2	1	0	0	6
e876d6629e8	18	40	22	18	7	0	0	4
e763efdadf4	8	57881	54816	3065	142	30	7	8
c2bdc018709	11	3	1	2	1	0	0	5
d428eff0230	11	194	97	97	19	0	0	3
e7ad8ab4b0b	12	37	15	22	2	0	0	8
88ad8805566	12	24	24	0	1	1	0	5
e4ba665c878	18	12	6	6	2	0	0	10
a623d763c18	19	12	6	6	0	0	0	15
a3d77ee4e76	11	2123	1018	1105	2	1	1	5
d56552dc668	11	45	32	13	9	0	0	5
8047b912c01	11	34	17	17	5	0	0	5
7879e7fd25f	11	108	52	56	3	1	1	2
94f03be7283	13	55	55	0	0	1	0	2
813b53938b4	13	27	25	2	2	0	0	2
0640517a919	13	2	1	1	1	0	0	4
1fc4dce08ba	11	336	134	202	13	1	0	52
22c3a1e2a5c	11	53	26	27	5	0	0	5
51e77c37b51	9	9	7	2	2	0	0	6
c5ab0d5a806	14	3953	2030	1923	18	5	7	7
996d5ef5f10	9	11	8	3	2	0	0	4
d4fcc0a753a	9	5	5	0	0	0	0	4
041af82b8c4	13	57	37	20	6	0	0	82
bf6a457f64d	9	16	8	8	1	0	0	9
05d6319fa03	10	97	96	1	4	4	0	29
f99fbc61e1e	13	28	27	1	3	0	0	5
2819e3bcb8a	14	10	3	7	2	0	0	7
116069fab37	22	33	21	12	3	0	0	2
216e6204f07	9	112	71	41	1	0	0	10
ef09b2c65de	16	602	291	311	2	0	0	3
5e2a6f8c46e	5	93	93	0	2	1	0	21
fc022213933	12	1	0	1	1	0	0	5
1b6bbc619dc	15	72	71	1	3	1	0	102
0292dea8479	15	4	3	1	1	0	0	7
8b819d85463	15	6	3	3	1	0	0	2
56c785ceae8	8	64	17	47	2	0	0	5
edbae656d63	13	1	1	0	1	0	0	6
22e85cbc0b5	14	2	1	1	0	0	0	3
eb105536341	15	145	72	73	4	1	0	8
e7bbda0b7f1	10	3	2	1	1	0	0	5
f4dfbe37a3f	11	1206	996	210	14	0	0	4
88e9a5f1228	11	15752	11091	4661	150	19	0	4
2a695a97210	16	4	2	2	1	0	0	4
b07dc31e1bb	16	2	1	1	1	0	0	6
e8a5d3d3114	19	8	4	4	2	0	0	6
b1588e78d97	19	28	21	7	4	1	0	7
0462b5d1ec5	16	27	19	8	1	0	0	7
dd1750f5730	16	4	2	2	1	0	0	6
646829262f2	16	3	2	1	1	0	0	6
78aaf8df67e	23	2	0	2	1	0	0	4
50c0d16208a	10	30	20	10	2	0	0	73
d2222efc5ec	13	3	3	0	0	0	0	7
854538d0944	18	33	18	15	1	0	0	6
b3e828991bf	18	15	0	15	1	0	0	5
4aac515202e	20	2	0	2	2	0	0	6
842eaf446d2	20	88	55	33	3	0	0	10
0fb0af3a6c1	15	4060	2030	2030	16	5	5	4
d41197e02ca	13	138	69	69	2	1	1	13
77d407df282	13	40	38	2	2	0	0	2
41d89f611fe	10	9618	9585	33	36	38	0	26
4db8bb93758	13	46	21	25	1	0	0	5
5373c6869a8	9	65	42	23	3	0	0	9
2ebd6921510	12	10357	7958	2399	119	10	1	4
b27f8ba06d6	16	92	74	18	2	1	0	14
e25afc35bdb	16	12	6	6	1	0	0	25
9d3ed1bb923	17	49	48	1	2	1	0	12
4f46c477734	17	40	36	4	2	1	0	11
c745383b31a	17	25	25	0	1	0	0	8
207bd3c7645	10	5	3	2	1	0	0	8
e10fbab00fd	12	24	22	2	2	0	0	2
1bf9be6b374	15	7	4	3	2	0	0	2
11df252cb93	16	27	27	0	1	0	0	5
6acac912dd4	16	3	3	0	1	0	0	26
2312ff4b232	10	49	38	11	1	0	0	6
396ed96b2d4	12	187	115	72	4	0	0	9
e111ccc014f	9	41	41	0	1	1	0	12
fb7dd029296	13	2	2	0	1	0	0	8
9b3baf3d508	11	35	34	1	2	1	0	6
216fb3b9b28	11	12	6	6	1	0	0	8
b849d50288a	11	7	0	7	2	0	0	3
8bb8b4b570a	11	2487	2256	231	49	7	0	4
7946e98c1f0	11	370	0	370	1	0	1	8
7464d423103	11	26	24	2	3	0	0	2
0486c091e1c	13	6	3	3	1	0	0	10
78024fa6894	12	5	1	4	1	0	0	5
6ffe389c97f	13	50	29	21	0	0	0	9
d8226af7f51	16	1939	1002	937	5	0	0	4
abaab2ce9bd	14	2	1	1	1	0	0	17
65ec2d5db49	19	15	10	5	1	0	0	6
75fc21537a4	16	14	7	7	2	0	0	15
ed8c43d2f3d	16	5	3	2	2	0	0	16
7d60998ee1d	16	985	489	496	6	0	0	15
94e87217716	16	92	91	1	4	1	0	4
0638a3a3ab6	17	23	23	0	2	0	0	4
738d20f6f02	10	85	79	6	3	1	0	8
ca0dda797a7	10	2	1	1	1	0	0	13
4253baf4ab0	10	2	1	1	1	0	0	2
3b0408ec1cb	11	1391	675	716	7	0	0	7
79ff085c4a7	11	8483	7240	1243	49	2	0	4
af40ae6b8f9	13	4	2	2	1	0	0	6
dd5ae3183b0	13	138	69	69	2	1	1	2
9dc621f83a6	13	434	325	109	20	0	0	4
b41ea5289e6	13	3026	1731	1295	17	0	0	4
0f888ed6de1	13	29	27	2	3	0	0	2
95f9209966f	10	39	26	13	1	0	0	7
7aaab320b30	10	45	23	22	10	0	0	22
b590a458493	11	1	1	0	1	0	0	7
0cec74d03dc	14	7496	6191	1305	106	12	0	4
368ea93bfea	15	2022	1469	553	13	2	0	6
90ac9ab0789	15	6	0	6	1	0	0	9
048a1b8b9e5	11	869	725	144	31	1	0	4
f7f11352b7f	12	3	1	2	2	0	0	25
ed3602dddcd	12	106	78	28	3	0	0	2
a73998d6f49	16	26	23	3	3	0	0	2
a8813fcdf57	10	20	16	4	5	0	0	8
9c97b1db309	11	62	10	52	3	0	0	2
316e2833f01	10	155	88	67	11	0	0	70
1bbd5c6d556	10	2	2	0	1	0	0	5
4fab9dfc365	11	26	0	26	0	0	1	4
69a9f66b070	11	8	4	4	0	0	0	5
0727fcc9edb	14	2	1	1	1	0	0	3
17c6a67f159	18	831	793	38	12	5	0	7
8658999c7d0	23	483	185	298	6	0	0	7
82cb1b5acb5	23	287	1	286	4	0	2	49
19f182a39f9	2	263	186	77	7	1	0	4
aa664c80401	10	10	10	0	1	0	0	8
b0a362a7273	11	50	28	22	1	0	0	5
b5b65ddcd77	11	651	436	215	43	0	0	4
b5a1585470b	14	320	172	148	6	2	2	14
db42ad959d5	14	57	56	1	3	1	0	20
8781b969e9f	22	10	5	5	1	0	0	3
51addf19d8d	9	32	21	11	1	0	0	3
18d05117778	15	174	120	54	4	1	1	45
7e7deed5106	16	4	4	0	1	0	0	5
79f121044cf	16	85	51	34	2	0	0	44
31265be4a65	16	772	363	409	26	0	0	2
6025da21535	19	27	17	10	3	0	0	8
723c7d9f7c4	16	151	77	74	29	0	0	10
116f4dea052	20	355	179	176	29	0	0	1
ad9d683f9fe	20	992	497	495	14	2	2	19
00a03dfee2f	10	2	1	1	1	0	0	4
31db4f1ed83	10	34	29	5	3	0	0	2
2b6d72431b4	13	79	70	9	3	1	0	12
4d92199d18b	23	41	41	0	1	1	0	8
b73264d9b33	0	54	42	12	3	1	0	16
a97dce7523c	9	118	84	34	4	0	0	23
18a19236044	14	2	1	1	1	0	0	10
7beea2cd5f0	16	202	169	33	8	1	0	23
afd9e714d39	16	47	30	17	2	0	0	21
3862fdade42	16	8	5	3	1	0	0	5
fbf65b58f97	16	31	21	10	2	0	0	9
8152f9cff22	12	58	15	43	3	0	1	11
ed9c3362ee5	13	27	2	25	3	0	0	9
78bb53b009e	13	1	1	0	1	0	0	5
97ce138621b	9	5659	4662	997	103	1	0	4
82d986db244	18	1	1	0	1	0	0	6
8ddf930901c	18	39	28	11	2	0	0	48
aefbd575141	8	73	70	3	4	1	0	194
342da697015	13	74	74	0	1	0	0	4
1df6d612086	13	488	437	51	3	0	0	19
1645b8f8b0c	14	18	1	17	1	0	0	5
c13773a71f6	15	45	23	22	2	0	0	5
747d6723aaa	0	607	300	307	4	0	0	6
9b3e2ae192e	19	79	79	0	4	1	0	2
3736bf9f495	19	30	30	0	3	0	0	2
b6eed30379e	19	2	1	1	1	0	0	5
1bd5277233b	9	30	30	0	1	1	0	2
2097b9d2e53	9	25	16	9	1	0	0	7
733ee426dcb	10	5	2	3	1	0	0	49
734e86b9e56	10	49	36	13	2	0	0	2
9dbd92476e8	15	39	37	2	2	1	0	18
485a9c14871	12	2	1	1	1	0	0	5
ea29e137b5a	12	30	30	0	0	0	0	45
ba6c5e38d54	12	16	11	5	2	0	0	2
2f46540d303	10	19	11	8	4	0	0	3
94e627dc32e	10	22	22	0	1	0	0	6
86051ca5d23	10	6	6	0	1	0	0	7
0407145c11a	12	2	2	0	1	0	0	8
1a2696f10a5	12	43	7	36	2	0	0	14
063890b8da8	12	9	9	0	1	0	0	12
6dd850aa16c	12	10	8	2	2	0	0	3
21a1b045f58	13	350	139	211	6	0	0	21
8890070b883	15	111	104	7	5	1	0	26
393caeb4c92	15	20	10	10	4	0	0	4
efb2b703a65	16	2	2	0	1	0	0	6
fcff66bf29f	20	4151	3177	974	91	9	0	4
d7e220cee1a	20	3	3	0	1	0	0	10
2337630746d	10	5	3	2	1	0	0	10
8e5d4f9a69c	10	2	0	2	1	0	0	11
68dda0a7d89	11	4206	2132	2074	16	7	7	3
dc39e820245	12	17	16	1	2	0	0	7
3e4fc9f9667	14	2	2	0	1	0	0	14
241950c1dfd	11	171	152	19	5	0	0	16
d6c9d31cb5a	14	254	110	144	2	0	0	4
1910c113cc4	18	17	12	5	1	0	0	9
8c41adb6288	18	44	44	0	0	1	0	2
412b4636c8b	18	418	417	1	9	9	0	12
d851bf9a665	18	409	1	408	9	0	9	16
d03c7e38e9d	18	3662	3660	2	3	2	0	9
5629fd574a0	19	35	15	20	3	0	0	6
12bb0d46ce7	19	39	30	9	3	0	0	2
97355f3613b	19	66	33	33	3	0	0	3
dbe116ddfe8	11	80	35	45	10	0	0	39
227638bac13	12	778	344	434	11	0	0	1
69e8a01c58f	17	14	9	5	3	0	0	4
8eb1294f87c	10	16	10	6	1	0	0	5
ef300d19cbf	15	61	33	28	1	0	0	7
d1a13bdd35e	16	3	2	1	1	0	0	29
0d1ec5fdbe8	16	32	6	26	6	0	0	19
f389f923b89	21	2	1	1	1	0	0	4
4f98e2deb31	14	57	35	22	2	0	0	41
5fdf9bbaa94	14	2	0	2	1	0	0	5
7fa694a3b68	20	2	1	1	1	0	0	4
fdc136df690	13	57	54	3	3	0	0	6
083d150bc47	13	127	126	1	5	1	0	2
16185ae57e1	20	28	12	16	3	0	0	4
9db2e5f3753	20	20	12	8	6	0	0	6
b54fad9b3f5	12	9	8	1	1	0	0	29
6f31a3763d3	13	106	94	12	3	0	0	7
605b7e9763c	13	2	2	0	2	0	0	2
ab530bb2111	14	2707	1880	827	54	0	0	4
5ddc4f5d0c0	16	43	32	11	4	0	0	2
c8b143bf301	13	259	161	98	8	1	1	8
389c80aece9	15	4	3	1	1	0	0	6
3311122ccb6	15	8	7	1	1	0	0	9
949f24305b0	15	24	14	10	1	0	0	6
7ddf1f569a8	16	9	5	4	1	0	0	7
4b8f503fac6	16	431	219	212	37	2	1	6
cd70d4a9c07	18	166	166	0	2	2	0	17
2db7d6755e7	18	88	44	44	0	1	1	4
07792afe0a4	10	470	189	281	14	1	3	19
a02ca7a590a	10	29	29	0	1	0	0	8
8549994c4b9	15	2	2	0	1	0	0	5
663deb38282	16	10	5	5	4	0	0	6
76f4962636e	22	49	32	17	4	0	0	45
2df13c73103	12	16399	9197	7202	62	11	2	4
e0ec0036ca2	13	61	58	3	8	0	0	6
c53aeb5a025	14	17	12	5	1	0	0	26
8a5194b7cf2	14	146	53	93	2	0	0	2
106287c368b	14	7	6	1	1	0	0	5
a3229ed7b7a	14	84	63	21	3	0	0	6
8c7babdf10d	14	1	1	0	1	0	0	5
2d256f34c5c	15	32	13	19	3	0	0	6
55a2e8271ed	15	16	8	8	4	0	0	8
ffded5ac86d	22	80	42	38	1	1	0	23
cfffa0bdd85	11	30	4	26	1	0	0	5
2f56ccb45e8	11	37	26	11	4	0	0	2
0eb8d880f8b	6	1	0	1	0	0	0	9
45ea62a0f62	13	19	16	3	1	0	0	9
9cd7864fd99	9	4	2	2	1	0	0	9
4f69871c17b	10	97	37	60	5	0	0	5
3e7f0deef9c	10	2059	2059	0	1	1	0	3
c35dfdfd5e6	9	1	0	1	1	0	0	4
7abad8b7b36	10	688	320	368	22	0	0	8
f6657c3c9dd	10	1569	808	761	24	2	2	5
83c9e648892	16	2	1	1	0	0	0	3
0955b0c8de2	15	69	69	0	1	1	0	4
095470854b4	14	172	99	73	16	1	0	5
459d644a5a9	14	1	0	1	1	0	0	22
c27d9f986a0	14	17	9	8	1	0	0	5
23c7f472d06	14	428	217	211	7	0	0	5
835554c92b8	15	7	5	2	1	0	0	6
27738d8e60b	15	170	145	25	5	0	0	9
9f07a690c6c	16	64	63	1	4	0	0	6
b7526eb3244	16	7	7	0	1	0	0	15
e972add0ea6	17	24	19	5	4	0	0	4
4ba5b7e24b8	20	35	34	1	4	0	0	4
18da8ffaeed	20	47	45	2	0	0	0	284
cda659a8c84	16	20	10	10	2	0	0	4
1ae69a68a47	16	271	153	118	4	0	0	6
a8c0211e733	17	74	39	35	6	1	0	23
7b337096c9d	9	9	7	2	1	0	0	10
9c9d67eb6ce	21	49	38	11	4	0	0	2
bc9b343fd35	12	4	4	0	0	0	0	9
763137e7053	14	2	1	1	1	0	0	3
84d2966377a	15	15738	15737	1	61	62	1	24
b66c5c9808a	12	14	7	7	1	0	0	6
602f9dbf3fb	13	11	11	0	6	0	0	4
6f17ca51c33	17	9	7	2	1	0	0	21
861f28f37a2	19	205	65	140	1	1	0	9
bf0d278a450	20	6593	124	6469	6	2	3	8
13793aed202	20	135	135	0	0	3	0	5
39e6d959d74	8	51	51	0	1	2	0	7
5c9fe1fce11	9	78	46	32	1	0	0	3
7b8842b619a	9	21	12	9	2	0	0	4
e2b79024699	10	83	64	19	4	0	0	30
bac16bd8ac2	11	14	0	14	1	0	1	2
4c51af882df	11	2	1	1	1	0	0	2
522909bcbf6	12	27	25	2	3	0	0	4
8185e1fd250	13	229	136	93	45	0	0	83
3e9dd0e2e37	17	4	2	2	1	0	0	4
a0c464638c3	18	4	0	4	1	0	0	5
d703813c27f	18	6	3	3	1	0	0	5
78f8b6771cf	18	2	2	0	1	0	0	2
d67288b6438	19	25	15	10	2	0	0	7
ae6a1723085	22	4	1	3	0	0	0	9
2b994d9e377	8	2	2	0	1	0	0	7
39c61367a7d	14	2	1	1	1	0	0	9
82465fc4b1f	23	111	93	18	7	0	0	60
1817d4b0626	23	7	6	1	1	0	0	20
1a2762b78e4	8	5	2	3	2	0	0	6
1f31a7dbfe7	9	7873	3494	4379	117	0	5	4
e982349b169	10	4	2	2	0	0	0	3
be2ca1ec808	10	301	249	52	3	1	1	21
b76d853f0d6	13	5	4	1	1	0	0	8
b404996cf3a	14	1	1	0	1	0	0	5
d03b67669c0	14	175	128	47	8	1	0	4
f623fd76581	14	34	24	10	3	0	0	5
e46a832ded2	23	10	1	9	1	0	0	4
53ebe759301	21	55	28	27	1	0	0	13
d85724d7414	22	11	8	3	0	0	0	5
59b7a1bf266	10	3	3	0	0	0	0	17
e742d077e0d	11	76	76	0	5	0	0	36
6325878d432	11	4	4	0	1	0	0	7
349200bd1cb	12	1	1	0	1	1	0	4
335d9af71fd	12	51	26	25	2	0	0	10
2060e32ec9d	12	1	0	1	0	0	0	8
78d06eec062	12	34	22	12	0	0	0	3
d979ac9c7f1	13	11	9	2	0	0	0	6
962e9291f71	14	2	1	1	0	0	0	4
388145546dd	15	188	140	48	1	0	0	4
0ae02c9f04c	15	1	1	0	1	0	0	32
e7096fd769c	15	1	0	1	1	0	0	5
d79b6e9f7ff	16	37	32	5	2	0	0	2
8b62e8616b9	9	14	8	6	0	0	0	4
e7d0dcee10e	14	4	4	0	1	0	0	7
d949074014e	14	52	45	7	1	0	0	6
12c2ea05cab	19	5	1	4	1	0	0	19
2b8ab7e24f2	11	190	95	95	8	2	2	9
a1e5089d9b2	15	26	25	1	2	0	0	3
0283e681294	17	107	57	50	3	0	0	24
3456a16f711	13	54	43	11	4	0	0	9
b893859c34f	17	6734	3457	3277	11	0	0	18
5f82c4baf0e	11	114	79	35	2	0	0	8
8e6d978bba0	12	10331	8043	2288	128	13	0	10
cfe58763500	15	4	2	2	2	0	0	8
4bcb01c8bf6	20	10	8	2	0	0	0	251
04e53cab90d	21	19	10	9	8	0	0	9
7d9d881e227	21	17	2	15	0	0	0	44
9a70abbf137	22	2	1	1	1	0	0	35
2bac299aed2	10	4	0	4	1	0	0	3
a5df0f6a65e	10	7517	3758	3759	42	19	19	6
2b743aa5bbd	11	6	6	0	0	0	0	4
132d685796e	17	13	13	0	0	0	0	9
c7796476004	17	7	4	3	0	0	0	30
5f466c8762b	19	6	3	3	0	0	0	9
122e74b49bf	21	14	8	6	0	0	0	10
fc937aa3e59	21	21	8	13	0	0	0	29
efe34f50237	12	75	9	66	5	0	1	16
910c627fc64	14	2	1	1	1	0	0	11
eca2de73ed7	15	27	23	4	2	0	0	2
50f45d14b47	18	11111	9080	2031	134	7	0	4
ae7c9909be6	20	2	1	1	1	0	0	5
3d8b14e6f78	21	168	88	80	12	1	0	8
c5367283350	22	36	21	15	2	0	0	4
7b2fdc098b5	10	18	10	8	1	0	0	5
6959a1d6d16	15	2388	1020	1368	52	0	1	4
ad0a4cefb8b	22	688	342	346	55	0	0	6
57890465bde	22	39	18	21	5	0	0	5
36f3bc33a39	11	3	3	0	1	1	0	6
7a2e784ad73	18	878	483	395	49	1	0	24
f5c95c388c8	18	22	11	11	1	0	0	5
f683867b989	18	58	29	29	2	0	0	7
9a7321ebb0f	18	5	0	5	1	0	0	9
f230e45183f	18	58	37	21	1	0	0	3
d582599c14b	19	23	13	10	4	0	0	7
cf652b82a37	19	2	1	1	1	0	0	6
9bd2717e744	8	13	6	7	1	0	0	4
2e40a9e15fe	11	6	5	1	3	1	0	5
f97d339ce76	21	12	7	5	1	0	0	7
f481183140f	23	17	15	2	2	0	0	2
3a70129a9c5	0	110	110	0	4	1	0	2
b3b3cfe007f	12	187	112	75	3	0	0	6
726865af7bb	12	36	31	5	2	0	0	2
d3de943eb1a	23	4	1	3	1	0	0	4
711774c1f0a	1	3	0	3	1	0	0	3
60131fc88c1	11	2	2	0	1	0	0	4
c6bd0e56cbd	11	2	1	1	1	0	0	6
8ad47c8de76	23	2	2	0	1	0	0	4
51c1526b6a0	11	6853	3339	3514	11	0	0	23
54c8ea5ea25	11	10	6	4	1	0	0	6
b833aa48e93	12	61	61	0	1	1	0	9
d737a060c84	13	376	183	193	5	0	3	7
43121c15be7	13	58	30	28	4	0	0	5
1020efb6f7f	13	43	21	22	1	0	0	4
9cfa4fd7d6c	14	6	3	3	1	0	0	25
42dd629c160	15	5	5	0	1	0	0	4
cff1df1f9ba	16	2	1	1	1	0	0	6
6c9ec1ac40b	16	2	1	1	1	0	0	18
d1f69ef35da	19	20	15	5	2	0	0	2
2ca788e6e2a	15	20	20	0	5	0	0	5
06d493e7e34	11	1	0	1	1	0	0	3
ca2c7d1745b	0	13	10	3	1	0	0	4
55f9fdd6b57	11	42040	670	41370	17	7	10	5
8d2f9e83a49	13	202	202	0	6	3	0	10
0bf34b598f6	13	4	4	0	1	0	0	7
6e6562e551e	13	14	8	6	1	0	0	6
6cb0e0e5f58	14	2	1	1	1	0	0	6
027829d2853	13	41	33	8	2	0	0	2
6de2173d7c6	21	33	29	4	3	0	0	4
8195e0f7232	22	3	1	2	1	0	0	7
728d8a37f47	14	17473	11383	6090	208	21	2	9
0b441462ab6	14	13	7	6	1	0	0	3
686bec4f358	18	6	4	2	1	0	0	5
1eba0cadc15	1	9	6	3	1	0	0	18
7719ce33db2	15	9098	2166	6932	8	1	2	47
39a12b2a222	16	1	0	1	1	0	0	3
8be6a896543	21	158	97	61	3	0	0	7
1cacb50f2bf	23	4	4	0	1	0	0	7
dc093ef8335	23	64	30	34	2	0	0	13
4129305b7cd	21	594	553	41	27	1	0	4
0cea946cb90	0	2	1	1	0	0	0	5
633d6be3287	0	37	32	5	2	0	0	2
8a58e838709	14	1	1	0	0	0	0	6
38e425d9bfe	15	21	20	1	2	0	0	6
aa42c6790da	16	19	15	4	2	0	0	2
7538e707677	6	6	6	0	2	0	0	6
c5d82380f46	7	52	49	3	2	1	0	8
c8b6ef248e5	14	5728	4259	1469	96	7	0	4
48452838b37	17	15	6	9	1	0	0	4
90ab0794dfc	6	18	9	9	0	0	0	21
8141448fe5e	8	200	143	57	4	1	1	7
3414eab2f3e	9	759	426	333	4	0	1	80
4d818f1fd34	10	283	78	205	5	0	0	5
c6affb64f96	16	27	22	5	2	0	0	2
c3e0a4bc7c8	22	415	213	202	4	0	0	7
ee8530e0ee3	14	87	43	44	3	0	0	6
c1baa70fe57	16	219	173	46	10	2	0	3
71680f512ce	17	4	4	0	1	0	0	7
dbb1a267d78	5	2	1	1	1	0	0	3
89df4d1c868	6	2	1	1	1	0	0	2
a30ac92b0c5	6	127	0	127	2	0	2	4
45a806a066b	8	388	267	121	12	0	0	10
4ddfd8aa42c	9	6	3	3	1	0	0	2
a73227bf28e	13	1680	959	721	45	3	1	4
89a3fa93a03	14	2	1	1	1	0	0	3
20b945df706	14	9232	7619	1613	104	8	0	4
fa667f718ca	14	50	26	24	0	0	0	8
22d1d3dbf73	14	7	4	3	0	0	0	8
bfa36136dac	22	18	17	1	3	1	0	10
0981e7f663c	23	3	2	1	1	0	0	14
a98afdfb2f0	0	9222	1608	7614	104	0	8	16
a2d809fe902	0	38	33	5	2	0	0	2
120492e5c22	16	6	3	3	1	0	0	6
f91e347eeee	19	17	13	4	2	0	0	2
64fe9fb85d7	22	96	48	48	1	0	0	2
0d7e88a4298	21	66	66	0	2	1	0	25
dd35637603c	18	460	245	215	2	0	0	4
0accebe5834	19	46	22	24	1	0	0	8
53a841d96a7	19	51	25	26	1	0	0	3
359d0170ab2	19	2	1	1	1	0	0	6
0afed523299	7	309	309	0	3	2	0	2
630bb7a0127	7	657	348	309	6	3	2	4
e2569c402fc	7	15	9	6	1	0	0	5
3377a30fb84	7	53	23	30	3	0	0	7
f219938b69c	14	175	173	2	3	2	0	3
c819abccb61	8	194	194	0	3	2	0	3
469e2648e59	8	600	505	95	4	1	0	8
0ecd0fa598e	16	211	144	67	4	0	0	8
1da15d623e0	7	130	116	14	3	0	0	6
bddd6e9ca33	12	258	227	31	3	0	0	2
b23ed4a98cd	6	586	293	293	2	1	1	6
3fce98c8534	7	23	23	0	1	1	0	4
0618f02f6f2	8	335	214	121	3	0	0	3
6e5abf45516	13	372	321	51	3	0	0	2
153b7559367	15	85	41	44	3	0	0	7
25700e65eeb	15	81	43	38	3	0	0	6
48ccbb9afaf	16	26	18	8	1	0	0	3
07333a4ab05	16	31	20	11	3	0	0	7
fd73a3a3985	1	9321	7702	1619	105	8	0	4
2c016badc25	1	8	5	3	0	0	0	17
83303160146	7	34	21	13	1	0	0	4
1beb840fec0	8	2	1	1	0	0	0	11
2582560f913	8	138	90	48	3	0	0	8
402755b14a9	8	11	8	3	2	0	0	2
0d31e9875f7	18	24	24	0	2	0	0	2
a8ede8dd9e7	18	97	97	0	2	1	0	5
8d0f756158f	19	96	67	29	3	0	0	9
20eec646b3b	19	94	49	45	3	0	0	7
8fd46a34d66	12	1	0	1	0	0	0	8
9553503be5b	6	60	58	2	1	0	0	10
642c2773a7e	8	24	19	5	2	0	0	2
af6c177b91d	6	91	76	15	4	0	0	5
933a37cd283	6	313	207	106	7	0	0	4
04dd2d51be0	7	23	23	0	2	1	0	16
3f397728341	5	7	3	4	2	0	0	20
f80cc69c236	9	158	102	56	4	2	1	43
b1e126f4152	9	4	3	1	1	0	0	13
1b9eaf43f5c	1	2	1	1	0	0	0	9
75e6c397331	2	138	68	70	3	0	0	8
53413598b6a	6	40	37	3	2	1	0	24
c9e21435c02	9	255	137	118	6	0	0	2
39ca93549af	10	35	30	5	2	0	0	2
1b2c57907d0	6	38	17	21	1	0	0	5
8e0dad4a27d	7	2	1	1	1	0	0	8
f379b777352	0	2	2	0	0	0	0	6
c4397b801ac	9	2	1	1	0	0	0	71
df59f067345	16	86	45	41	2	0	0	6
8e6dd52683f	18	24	16	8	2	0	0	28
70293a43c9d	20	520	272	248	12	0	0	8
aeb7d6d1682	18	181	181	0	5	3	0	8
8abeffa9ea5	18	67	61	6	4	1	0	15
e60d653a58a	23	11031	7681	3350	126	6	0	4
0c1255453eb	23	897	857	40	13	1	0	3
152d956deb1	17	1	0	1	0	0	0	4
faefb3f5a41	18	1	1	0	1	0	0	3
f88d39de741	19	44	44	0	1	0	0	3
da00413196e	19	33	28	5	2	0	0	2
fe48b5faa4c	21	2	1	1	0	0	0	4
2788064bc2f	23	4	2	2	2	0	0	7
5547450ca57	0	2	1	1	0	0	0	4
42ee16978e8	19	399	399	0	4	3	0	6
bffa18befcd	22	12	6	6	2	0	0	2
dda1d681f73	22	21	11	10	2	0	0	5
c420c89dbd8	22	1	1	0	1	0	0	5
741e3fa91bd	1	155	124	31	7	0	0	82
ccd632f2784	20	18	4	14	1	0	0	6
b8c3d715fdb	2	23	16	7	1	0	0	3
c106c3740b0	2	83	31	52	2	0	0	11
824a2fd1c63	2	11	5	6	1	0	0	7
a668d074846	2	97	51	46	1	0	0	7
30b05221570	17	42	42	0	1	1	0	8
1bb52947e06	18	9	5	4	1	0	0	9
bf803f478bf	23	674	308	366	8	0	0	2
e82893d3f26	0	58	32	26	2	0	0	3
b93b09a877c	2	28	11	17	1	0	0	5
b06dda1f5e6	2	29	12	17	1	0	0	10
4347906b7fa	2	4	2	2	1	0	0	4
c328f3e6c61	19	425	425	0	1	1	0	5
aadce8e1a9b	22	353	202	151	2	0	0	7
344243db923	3	36	8	28	1	0	0	4
785531691b2	17	91	91	0	3	0	0	2
9f5643f427d	7	86	54	32	2	0	0	42
fc025f878a0	19	9	4	5	1	0	0	2
4f56d8ae249	16	12	7	5	3	0	0	4
33509bdbe5e	2	12	6	6	3	0	0	3
987441283b7	19	35	20	15	2	0	0	8
ce4204a0690	0	152	121	31	3	0	0	9
7c9919f8108	2	8	0	8	1	0	0	4
c723acc7219	2	10	0	10	1	0	0	13
1660db6b877	3	14	5	9	2	0	0	2
c7cb4daa259	17	32118	20187	11931	210	19	1	4
173a8c98421	18	292	146	146	4	2	2	5
f3ad6355761	20	39	21	18	3	0	0	4
0cfa789cc53	20	44	39	5	2	0	0	2
e5a41a75b7b	20	1	0	1	1	0	0	19
fe85062046a	1	255	179	76	3	0	0	15
8fdb39a4aee	3	331	330	1	1	0	0	6
263813ae3e0	3	29	24	5	1	0	0	3
d979a7993eb	3	63	41	22	1	0	0	4
979f5889d53	4	41	24	17	2	0	0	8
77145ba2294	0	8	8	0	1	0	0	4
76c1805c679	1	36	36	0	3	0	0	2
a695065305b	2	57	57	0	3	2	0	8
ae1fc497bbf	5	68	33	35	5	0	0	4
6f92d8f3b07	5	7	3	4	1	0	0	6
b6edae5671e	15	20	16	4	2	0	0	4
4234ac53e26	17	225	3	222	3	1	1	11
49de41ef463	21	29	24	5	2	0	0	2
88b93592841	22	20	18	2	1	0	0	4
3eaaaffadb8	22	8	7	1	1	0	0	12
cd41e30bcc8	9	5	4	1	1	0	0	7
1b42276851c	23	9	4	5	1	0	0	5
b20c343a7aa	5	55	26	29	1	0	0	6
7d428a7741e	8	4	2	2	2	0	0	1
bc17d94a0a5	8	104	52	52	18	0	0	14
896cef23c4a	8	4	4	0	2	0	0	2
b82ef28d9d2	9	153	77	76	18	1	0	5
95fd3700961	1	1	0	1	1	0	0	3
1bf46d1536f	17	4	0	4	2	0	0	6
23cf502db77	21	100	56	44	18	0	0	5
ecd61742a12	22	2	1	1	1	0	0	9
4322523fcfd	0	6	1	5	1	0	0	16
5468173ce92	3	4	3	1	2	0	0	5
ae85d9af97b	6	182	95	87	20	0	0	22
5013bf17819	19	193	113	80	18	0	0	5
f57b0e993ba	20	167	167	0	1	1	0	7
df94c763aef	21	97	44	53	1	0	0	3
d9b0eb3922b	21	25	0	25	1	0	0	6
c622142692e	21	3	2	1	1	0	0	9
0b823dce616	21	2	1	1	0	0	0	13
92292c8394d	22	12	6	6	2	0	0	6
0314a10e109	22	54	27	27	2	1	1	5
217b60a2726	23	4	2	2	0	0	0	5
87d5e5b316a	22	52	46	6	2	0	0	2
916d592be18	23	2	1	1	0	0	0	3
7c1c89fc29c	23	13	8	5	2	0	0	6
7811fa6fec8	1	4	2	2	1	0	0	4
4f01c74e9f8	2	73	46	27	1	0	0	5
c2e58c9dee3	5	14	7	7	3	0	0	8
cb32883537b	6	51	51	0	0	1	0	3
c5de1b63503	18	2	1	1	0	0	0	4
ca02b4f5860	19	4	3	1	0	0	0	14
860d008d541	17	209	156	53	2	0	0	96
764783560ed	18	242	20	222	6	1	3	12
bcf163da276	18	28677	23775	4902	207	47	0	4
375131376f2	19	110	50	60	1	0	0	18
662fdfed378	0	1	1	0	1	0	0	6
ef55324f1a5	0	780	402	378	12	0	0	7
d0f2d465aa8	0	94	54	40	4	0	0	5
c04b679e12c	0	136	52	84	2	0	0	5
de7016eac56	0	112	55	57	5	0	0	5
fcda5e8dfa6	2	8	5	3	1	0	0	7
daacb81d3ab	2	39	39	0	1	0	0	4
5fbc750db7c	3	35	20	15	2	0	0	6
7a511844200	3	19	9	10	1	0	0	7
0485cc41d5c	3	298	0	298	4	0	2	2
ea4956f0465	4	36	11	25	1	0	0	32
1db824a9c18	6	8	7	1	1	0	0	4
a0c48eecab7	6	38	19	19	5	0	0	6
7a8ede6f808	23	3	3	0	1	0	0	5
c094dda53ca	0	13	11	2	2	0	0	6
12d78cd1df0	0	83	52	31	21	0	0	6
4c8889bba2a	5	70	19	51	2	0	0	9
05ae932a0ef	7	70	51	19	3	0	0	2
e8363abb6a1	7	3	2	1	1	0	0	5
6ee0bf704a3	9	30	18	12	1	0	0	9
bb0d1e65e16	7	51	46	5	2	0	0	2
b8dee2eb204	14	24	12	12	1	0	0	6
46ebaa00ce4	20	6	4	2	2	0	0	9
dc041628ce5	21	2	2	0	1	0	0	7
f0f2d2ee70a	22	2	1	1	1	0	0	4
c5b149ab1ef	6	5	5	0	1	0	0	9
4fd0225e41f	21	3	3	0	1	0	0	5
b80bdda14e2	1	2013	1622	391	46	2	0	4
e0ecf4f8f58	6	1	0	1	0	0	0	10
b08f2af3443	20	2	1	1	1	0	0	7
c219571eac6	2	37	13	24	1	0	0	7
71d237e6a0c	20	682	341	341	10	5	5	5
16e32c8fd96	20	30	17	13	1	0	0	4
faa0c6d4493	17	4	3	1	1	0	0	8
810882c1ad1	18	605	303	302	2	1	0	10
30b700ee225	18	135	69	66	4	0	0	5
b021a845f7d	19	25	12	13	4	0	0	4
7a251f3bdf0	22	2	1	1	0	0	0	4
fdbc9a82e44	18	6	6	0	1	0	0	739
7bd3280cc24	18	4	2	2	1	0	0	5
e165859c2eb	20	10	5	5	1	0	0	28
62c4214711f	20	10	8	2	1	0	0	6
776b099d752	21	7	5	2	1	0	0	5
66701548198	21	5	4	1	0	0	0	7
9be3df08283	1	21	21	0	2	0	0	2
0e844d3bcbc	5	228	117	111	8	1	1	4
769a35024f3	18	22	18	4	3	1	0	6
64d0e328e8a	20	8	1	7	1	0	0	4
9d4d232eaaa	20	59	29	30	1	0	0	5
d1500cee6e2	21	14	8	6	1	0	0	4
d5ee777af2b	23	7	7	0	1	0	0	7
409020a67d3	17	12	8	4	2	0	0	4
1e710cafa70	19	14	0	14	1	0	0	2
e6dbf8d632b	21	14	14	0	1	0	0	16
6d60d2db00d	22	12	4	8	2	0	0	10
e72b072d533	23	63	42	21	3	0	0	4
939a6c7484b	23	53	29	24	1	0	0	3
b9cd3363efc	1	6	5	1	2	0	0	3
39b63dfe173	1	44	39	5	2	0	0	2
a258992855d	2	1	1	0	1	0	0	2
d67fdcc1776	20	8	4	4	0	0	0	4
209b219b10c	16	10	9	1	1	0	0	6
40e42e8107f	17	8	5	3	1	0	0	4
c98b0799bf7	17	509	335	174	45	1	0	4
e898c1f2e30	18	1982	1287	695	36	4	1	4
c9c13e07187	19	5	3	2	1	0	0	3
5809483b789	21	4	3	1	1	0	0	4
74614c1bf17	1	1	0	1	0	0	0	5
04999ef969d	2	4	1	3	1	0	0	4
fb6dc11f112	3	30	11	19	3	0	0	7
00333d59d6e	18	2	1	1	1	0	0	3
c69d3f4a355	18	2	1	1	1	0	0	5
93c0c24a4ed	18	2	1	1	1	0	0	7
6310e717e4f	19	7	1	6	1	0	0	10
dd21a4f4b9f	19	7	1	6	1	0	0	10
264a67aed2f	19	97	52	45	3	0	0	6
b07f2e25f41	20	48	28	20	2	0	0	6
c1a0ade7e79	0	283	174	109	5	0	0	3
0918bb2070b	2	83	49	34	4	0	0	9
073947c1503	18	13605	10348	3257	191	15	2	4
70b2a445793	19	1	0	1	0	0	0	4
358b7516c74	18	6	3	3	1	0	0	3
03f2bfe51f4	20	8	3	5	1	0	0	8
9b67962a447	20	14	14	0	2	0	0	3
462a8f8652d	20	10	10	0	1	0	0	5
4635ed7fdee	20	11	11	0	1	0	0	8
ca862d75def	20	196	191	5	1	0	0	8
6d9227b79a6	20	8	3	5	1	0	0	8
ff2457754ce	22	70	55	15	3	0	0	2
6bd11f147ab	22	2	2	0	1	0	0	5
dd857f9fdfa	6	2	1	1	1	0	0	7
c96b7e5ca05	6	4	2	2	1	0	0	3
6ec2f877c20	7	2	1	1	1	0	0	3
c1613e6ebb3	17	17	5	12	2	0	0	2
3d10852c336	20	13	11	2	1	0	0	6
177de8fefc9	20	8	4	4	1	0	0	4
836e6a3fcbe	20	13	13	0	1	0	0	8
b94af8d6b16	20	6	5	1	1	0	0	6
3adf7a3dcfd	20	20	10	10	1	0	0	12
c857d65dd3e	20	142	71	71	2	1	1	4
b571900d9cc	20	11	8	3	2	0	0	8
aa6eaae0aa8	21	24	12	12	1	0	0	3
2c7cbbc1b08	21	93	69	24	2	0	0	6
d7efb0fdb2b	21	16	6	10	1	0	0	5
96f08cf05c3	2	211	201	10	4	0	0	5
61c80141354	2	33	28	5	2	0	0	2
ffeb4722d48	20	2	1	1	0	0	0	3
7be0d062388	20	2	1	1	1	0	0	3
4ccdc501d48	15	181	102	79	7	0	0	83
1395cba6cec	15	10	5	5	1	0	0	5
a6f904cab79	15	2	0	2	1	0	0	8
d96c52694a5	15	109009	107900	1109	101	19	0	4
1256df76bc4	16	4	2	2	1	0	0	2
5c712a7da5b	17	121	60	61	2	0	0	3
3994340a456	19	12	9	3	1	0	0	5
627fb5adbbc	20	270	167	103	7	0	0	5
8492c52e152	21	555	277	278	10	4	4	4
c90546f138e	21	60	34	26	2	0	0	7
6befc72f829	20	5	5	0	2	1	0	3
fdf46a65c92	22	262	76	186	8	0	0	6
5d5c8cf04a0	22	4	2	2	1	0	0	3
953fa3a5f55	23	77	50	27	3	0	0	6
217e4b40d41	17	13	13	0	2	0	0	7
04c06b91493	21	1090	545	545	25	7	6	5
2d7e86ef58e	22	108483	3732	104751	79	8	12	4
1332cafb7ce	23	88	44	44	4	0	0	1
6db43f4c299	20	843	452	391	2	0	0	3
33d5c46e8cc	21	42	21	21	10	0	0	5
916e057feab	21	12	7	5	1	0	0	3
1762abcecef	22	78	43	35	3	0	0	5
90295d9fce2	9	86	83	3	2	0	0	9
e01464373f1	18	4	2	2	1	0	0	3
f8c3b6009d4	18	84	12	72	1	0	0	15
0c64768cb4d	18	5	0	5	1	0	0	7
3e969f0f74a	18	16	9	7	1	0	0	4
3a993d88970	19	23	15	8	3	0	0	3
776c3e2b29f	19	10	9	1	1	0	0	5
4278f35e892	1	128	103	25	2	0	0	6
b80f6e9ed16	2	1772	886	886	20	1	1	3
ac684f35839	3	62	58	4	4	0	0	7
025116f8d01	3	54	36	18	8	1	0	5
618296ef571	4	25	20	5	2	0	0	2
663269f6870	4	58	35	23	3	1	0	6
139c91e892b	4	8	7	1	1	0	0	6
ebe2721cbfd	4	23	16	7	1	0	0	10
04001fb591e	4	5	0	5	1	0	0	4
c66a0a739f6	6	72	36	36	1	0	0	3
069099a3e39	6	58	0	58	1	0	1	4
bfdc421ddad	10	5	5	0	1	0	0	6
765f0cdece3	12	2	1	1	1	0	0	2
54d4efd44b6	16	356	196	160	8	1	0	5
b35d72df760	22	108011	107112	899	93	22	0	4
a01d8a0d685	0	21	12	9	3	0	0	11
3238944c7aa	1	10	5	5	1	0	0	7
8e9ec4abea5	3	48	18	30	3	0	0	10
218d7e9f2d5	3	4	1	3	1	0	0	8
6b6dcf4aad2	4	72	36	36	2	1	1	4
70ffdf5db9d	4	6	3	3	2	0	0	3
5c6f063ef25	4	99	49	50	1	0	0	5
6f21ac12827	4	1	0	1	1	0	0	9
3546106c43c	14	5	5	0	1	0	0	4
6740dd48b38	16	20	12	8	1	0	0	4
48f5f77713d	16	20519	16951	3568	176	18	0	4
a49bf8622fe	22	6975	0	6975	7	0	7	3
7ed80451ca9	15	6	2	4	1	0	0	6
bb00fef3cd2	15	18	15	3	1	0	0	9
6192b8659a3	16	4071	2421	1650	40	2	0	4
6ecdeada49e	16	1	0	1	0	0	0	5
aa6a7852868	2	2	2	0	0	0	0	7
d1b78c3f5d9	21	401	186	215	1	0	0	3
40ea061c30a	8	416	320	96	23	1	1	4
52b295400d4	23	416	96	320	23	1	1	18
aec80d47bb5	15	6	3	3	1	0	0	7
d52f63d9b29	18	48	24	24	3	0	0	4
4279725d790	20	29	17	12	1	0	0	89
3197cf291d8	22	192	76	116	2	0	0	7
e232cf3100a	23	5	4	1	1	0	0	6
fdae14070cd	23	36	13	23	1	0	0	10
b9106b0ecdb	20	238	122	116	3	0	0	17
53530e981a8	21	32	19	13	4	0	0	12
94644d743c0	22	1469	0	1469	5	0	3	15
c0e18f37d40	23	2	1	1	1	0	0	3
ae805f10573	23	66	40	26	2	0	0	7
129310676d2	0	136	73	63	1	0	0	5
cd577d503d0	1	1090	308	782	24	1	1	4
b72ffc0e076	1	63	63	0	3	0	0	2
ec0266a56cc	2	5	5	0	1	0	0	12
01f7d4484e5	4	289	193	96	21	0	0	4
85487c82d0b	4	57	34	23	2	0	0	21
b0d1d6c2b90	5	40	27	13	1	0	0	39
0301adf9b44	18	52	28	24	2	0	0	7
801fb8a614a	20	99	86	13	1	0	0	4
1b758ef268c	23	24	10	14	8	0	0	6
53dd9fe200d	0	15	13	2	3	0	0	7
ca0038bf2f0	22	4	2	2	1	0	0	5
38041fcaa02	23	42	42	0	5	0	0	17
e9a116fe02e	10	15452	15448	4	75	82	0	4
888a494ad81	8	4	4	0	0	0	0	6
eac3dc9d5f9	18	2	1	1	1	0	0	5
9ea8c9f2b04	20	8268	4120	4148	30	15	15	11
f56ff0de928	20	1646	1646	0	6	6	0	5
f13e2f96e40	22	51	51	0	2	1	0	9
8f671041a52	23	86	68	18	3	0	0	6
33e774eeba5	23	51	5	46	1	0	0	4
970e9025fe1	23	5	0	5	1	0	0	5
0281e1acf6e	23	6	5	1	1	0	0	10
d923c94a0ca	1	9928	126	9802	35	0	38	2
cb84cde4d42	7	3	3	0	1	0	0	5
62277ab79b5	8	10	7	3	1	0	0	11
7a6b5635eb5	14	3	0	3	1	0	0	14
3819920d77c	17	231	116	115	1	0	0	5
7faf7d5c8d5	17	351	181	170	1	0	0	9
50c70ac7149	17	250	164	86	32	0	0	10
499c615c9e5	21	732	404	328	2	0	0	7
b8bb6e90074	22	1	1	0	1	0	0	6
08a09bb50ab	23	137	58	79	5	0	0	7
323a5e11e5a	0	24	11	13	1	0	0	7
a5184fe938d	5	113	98	15	2	0	0	3
b36f11d7b50	17	3	2	1	1	0	0	6
93312184499	17	40	37	3	2	0	0	5
03ea4b644e9	21	1248	690	558	2	0	0	2
ee3026797c0	22	124	34	90	2	0	0	6
54f02345b5b	22	68	27	41	3	0	1	3
07e64d45ffa	23	29	25	4	1	0	0	2
93913dbdb8f	19	39	39	0	1	1	0	11
8553e8a15d0	22	12	11	1	3	0	0	2
cc9d5ab546e	23	29	14	15	2	1	0	28
4681e34c1e7	19	31	18	13	1	0	0	57
1efd2615728	23	4	1	3	1	0	0	2
b7947e45c09	23	2	2	0	1	0	0	4
b98cd6753b4	20	114	1	113	2	0	1	5
57edff1f319	20	5	0	5	1	0	0	4
4e7e2f87242	22	97	90	7	3	1	0	22
a98d23d9058	22	9	6	3	1	0	0	2
71dc232f93a	22	6	3	3	1	0	0	32
6732e7fa179	23	63	63	0	1	1	0	10
b549b3fcce9	23	41	21	20	1	0	0	4
a934566eb9b	23	28	14	14	2	1	1	6
b8c0349750a	7	13	12	1	2	0	0	5
684740c2320	7	2	1	1	1	0	0	7
af49187e571	10	144	140	4	4	0	0	2
760bba55186	10	46	38	8	2	0	0	82
41ef1717e09	17	14036	9222	4814	165	5	0	4
9cf2a02d8ba	18	79	73	6	3	0	0	7
4efe27bbabc	1	16	12	4	1	0	0	12
ac3bc2ed41c	8	54	28	26	2	0	0	15
d2e1b0855f3	8	206	103	103	4	2	2	7
5281f290124	9	14	9	5	2	0	0	9
2ad587cc354	9	2	1	1	1	0	0	6
311d7dee190	8	32	27	5	2	0	0	2
4ff45c264c5	19	57	0	57	1	0	0	3
6e715b82d0e	23	824	749	75	23	5	0	4
ff6409469d3	22	7	4	3	0	0	0	6
27ec33aad73	21	11	8	3	0	0	0	5
94f9dc67c0a	20	2	2	0	1	0	0	6
3934cb54853	22	53	47	6	2	1	0	14
d70474dc102	21	31	31	0	3	2	0	9
76d525b0346	21	1	0	1	1	0	0	4
11f673e819d	22	14	9	5	1	0	0	5
6abdf051d3d	0	94	75	19	6	0	0	12
0633e5cac98	0	21	15	6	1	0	0	6
c9e27b11c5b	0	772	375	397	8	0	0	3
e72b7b8002c	19	4631	3494	1137	114	4	0	4
16f02403f8f	21	71	51	20	1	0	0	10
bb4ae1769be	23	2	1	1	1	0	0	4
caa828a242f	23	49	34	15	2	0	0	2
c72967d3351	0	5711	8	5703	17	0	14	3
3d6ebbd296a	0	15	2	13	0	0	0	6
9926dacd14c	0	160	0	160	1	0	0	4
cee90803810	5	6	3	3	2	0	0	2
c6248efd73b	1	2	1	1	1	0	0	7
c7b3c1ecbc7	3	62	48	14	1	0	0	5
e235aae0181	3	7	6	1	1	0	0	11
24931f84054	7	2845	2259	586	45	2	0	4
f6185516941	0	22	9	13	3	0	0	5
5aea12b4c4e	1	5	5	0	1	0	0	5
e7a1fa12937	1	63	33	30	3	0	0	6
3b75f5070d4	17	1763	1256	507	46	2	0	4
9b2aac61b28	19	6	4	2	1	0	0	8
3bb21b51918	22	16	8	8	1	0	0	6
6d85802100c	22	4	2	2	1	0	0	3
f919216446a	6	184	172	12	3	0	0	5
c75e4cb48ae	17	2	1	1	1	0	0	2
301b44d45da	18	17	13	4	2	0	0	6
557ba6bd97b	17	31	26	5	2	0	0	2
3b323027be8	17	9	8	1	2	0	0	4
5b2801e3ea5	17	13	10	3	1	0	0	7
285c5ed36fe	17	15	12	3	1	0	0	6
20372d2df36	22	20	13	7	1	0	0	4
692f580a07c	1	165	133	32	1	0	0	4
67fb0ece6b3	21	4	1	3	1	0	0	3
61364f9443f	18	2	1	1	1	0	0	5
5457eae28c2	0	7	2	5	1	0	0	5
99984772df1	0	6	5	1	1	0	0	5
d13f5180106	0	156	29	127	1	0	0	19
48d58f92f14	1	4	2	2	0	0	0	5
f0fec7352ac	17	5	1	4	1	0	0	6
b5bdf9434bf	18	58	56	2	2	1	0	5
7a9c81d2dc3	18	7	2	5	1	0	0	5
d76091d7d10	19	169	136	33	1	0	0	5
3202bce288c	20	26	14	12	1	0	0	4
ea37d98949d	20	10	4	6	1	0	0	6
b6c5cf60b7e	17	8	8	0	1	0	0	6
d044e2de07f	21	2	1	1	1	0	0	16
453c9e64115	4	6	3	3	1	0	0	2
14156504637	5	6	3	3	1	0	0	8
ab723d022d7	5	14	14	0	1	0	0	5
4ce1e1fca59	8	2	1	1	1	0	0	10
6aab6ebe616	16	7919	5647	2272	90	4	0	4
f711d5343b2	17	42	37	5	2	0	0	2
d2415945c19	21	1	1	0	0	0	0	5
62b642a88d2	21	2	1	1	0	0	0	3
3ac6deefa81	2	124	68	56	1	0	0	25
264e540d008	5	42	32	10	2	0	0	12
d7762dffe34	6	9	9	0	1	1	0	4
d38d96eb610	6	18	13	5	1	0	0	7
1d28cfcfb9a	19	6	4	2	1	0	0	31
ab068db9b12	20	164	116	48	6	3	0	32
1ecb11f9446	22	67	67	0	1	1	0	13
b78508266be	23	2	1	1	1	0	0	7
15bb392afdf	1	74	37	37	2	1	1	33
8ab238e7de8	4	2	1	1	1	0	0	26
615d8906226	16	104754	103891	863	87	10	0	4
35dd0fb2716	23	9	3	6	1	0	0	9
032f6518248	23	63	53	10	9	0	0	3
8e5b91c79ba	23	63	10	53	9	0	0	7
c90e44e5823	23	1	1	0	1	0	0	13
f7ff548dd01	17	4	2	2	0	0	0	5
d2cff34fa3d	17	72	57	15	4	1	0	42
ed0c109950b	17	11	11	0	1	0	0	7
7a2e6d674a9	18	95	53	42	3	1	1	63
d0128787e74	19	28	24	4	1	0	0	8
1c7670aca2d	19	10	5	5	1	0	0	12
67eeedd602b	19	62	31	31	2	1	1	7
ce2d5ad0d74	22	9	4	5	0	0	0	9
23d680bb858	23	7	5	2	0	0	0	11
0914d338429	21	36	31	5	2	0	0	2
320d3e9d332	18	5	5	0	0	0	0	3
da9323040f9	18	16	3	13	1	0	0	8
0b7bda8f46d	23	66	0	66	0	0	0	6
a9b962a6531	23	37	22	15	0	0	0	4
ac3a2d899a1	23	88	65	23	3	0	0	6
1036aa9762c	20	45	44	1	1	0	0	6
e232f09d381	22	91	71	20	4	1	1	8
2663c69f8d8	16	4	2	2	1	0	0	3
c489c2c1b57	18	13	7	6	1	0	0	4
d8af9d8edf8	21	28	14	14	2	0	0	6
44ad6a7db28	16	11	6	5	1	0	0	5
022c0838480	17	6	6	0	1	0	0	2
cbd2c3945b1	22	118	64	54	5	0	0	46
e84395ff8c5	23	253	119	134	5	0	2	9
8c562847764	5	31	10	21	1	0	0	6
f73b6e21904	5	6	3	3	2	0	0	6
0de138acb59	8	30	19	11	1	0	0	5
9514a4d5476	9	39	34	5	2	0	0	2
2b34363d03e	16	14774	8637	6137	173	6	3	4
1369d606f74	20	9	9	0	1	0	0	8
0f143f6c23d	23	33	17	16	3	0	0	2
3768aaaea40	19	27	18	9	3	0	0	9
19f475c5734	22	195	126	69	2	0	0	8
e97a481785d	0	2	1	1	1	0	0	7
2fca40e44f1	1	58	43	15	4	0	0	2
35c14f637e7	1	8	5	3	2	0	0	8
15ec99ec594	2	49	47	2	2	1	0	14
d4345e1ff85	17	4704	3828	876	66	6	0	4
4b216d266af	17	1	0	1	0	0	0	5
311a62dea74	20	10	8	2	0	0	0	5
29e867aaa06	20	11	5	6	1	0	0	6
31854c79908	1	6	6	0	1	0	0	8
8840ce340de	1	164	89	75	4	2	1	4
0e713e7482b	23	9	5	4	2	0	0	5
74b7fa29a11	0	413	264	149	7	0	0	6
80a8e71fe08	3	150	102	48	2	0	0	6
2fa4de001c1	19	4	4	0	1	0	0	5
78e49f1c88f	20	1728	864	864	5	2	2	4
c82d64649c9	20	4	4	0	1	0	0	4
1a5acd98509	20	67	42	25	9	1	0	16
16818ff250b	2	7	0	7	1	0	0	4
0c1aa36835f	2	33	28	5	2	0	0	2
f86a214357c	18	9021	5195	3826	77	0	0	4
d62b0f442a8	16	42	34	8	1	0	0	4
75f0cf471af	3	219	160	59	1	0	0	266
501136b9994	16	219	59	160	1	0	0	15
ef9f4046c9d	19	18	11	7	0	0	0	10
55a6f017329	21	33	33	0	2	1	0	9
62d9bff06b4	18	2	2	0	1	0	0	8
3104662bab1	1	20	10	10	2	0	0	7
0055dd133d1	1	51	50	1	2	0	0	6
9e8df0e8364	21	231	173	58	1	0	0	7
935f8437fd3	21	9	6	3	1	0	0	5
9be6c501ecf	0	406	254	152	5	0	0	2
41f213be185	18	495	426	69	5	1	0	8
e43d6fc879c	23	2	1	1	1	0	0	2
6056d2ea2c5	23	40	20	20	3	0	0	6
0c3b6aba7a9	23	1	0	1	1	0	0	10
a6942b345dc	0	47	25	22	2	0	0	2
0377b12964f	4	106	43	63	1	0	0	11
adc06dd7056	20	64	25	39	3	0	0	22
bca16a0581b	0	16	16	0	2	0	0	4
0bb47b6c975	1	4616	3451	1165	82	3	0	4
cd232a9ccec	17	1934	1622	312	60	0	0	4
0e390d69a83	14	3	1	2	1	0	0	3
fe89caba2ee	21	48	29	19	3	0	0	3
d127d15d1b4	19	12	10	2	0	0	0	9
9c85357846f	19	614	495	119	64	1	0	4
10d8adb0893	23	27	22	5	2	0	0	2
4e80587cbea	20	2	1	1	0	0	0	4
009b4569b3d	20	26	7	19	3	0	0	6
d6072766ed7	21	9	5	4	1	0	0	5
14414f81f33	19	116	51	65	17	0	0	10
5f88097eb4d	19	322	0	322	1	0	0	5
5bc00abed76	20	612	288	324	1	0	0	2
9854216d36c	20	137	86	51	1	0	0	8
459440842f7	20	128	67	61	1	0	0	4
bc76624ec72	21	2381	2143	238	34	2	0	4
6bed15e0748	1	427	195	232	9	2	2	22
ed5f4f3a444	1	4	2	2	1	0	0	4
c2e2479cc51	3	2	2	0	1	0	0	3
cf86527a28a	17	2	1	1	1	0	0	3
cbf2a2233eb	18	41	34	7	2	0	0	4
1c6671aa67c	18	3342	2544	798	48	1	1	4
964ed9739b8	22	4	2	2	1	0	0	6
01a8d270cf4	1	451	244	207	6	5	0	8
84c10265dbc	1	3	2	1	1	0	0	4
9bd3942f702	16	16	16	0	1	1	0	5
125b868e068	1	234	233	1	5	5	0	3
7d0252eae2f	0	178	89	89	4	0	0	3
f1a4f17897c	2	45	43	2	5	2	0	5
1c7057f09cf	3	2	1	1	1	0	0	5
b93faf9afa6	5	4	2	2	1	0	0	19
eda21cccb4c	6	24	13	11	1	0	0	5
cb79614f73b	18	23	11	12	9	0	0	8
545e10f2399	17	6	5	1	0	0	0	8
a620b7298f6	20	32	27	5	2	0	0	2
9bb890271b4	0	13	6	7	1	0	0	5
a8e9923b444	1	211	210	1	2	1	0	4
95b252e86dc	3	6	3	3	0	0	0	7
7105aeb22f8	9	5	5	0	1	0	0	2
1b5ec7017da	20	15	11	4	1	0	0	20
20905d9d62a	20	6	3	3	0	0	0	5
fc175a089de	2	171	2	169	2	0	1	4
f541043618b	2	141	0	141	3	0	2	2
7b119f8b386	16	2	1	1	1	0	0	3
4c21aa736f4	22	2	1	1	0	0	0	5
ba792ea2020	0	748	352	396	91	0	0	5
2c0d91be6c8	3	2436	1623	813	71	2	0	4
8825c74e7ae	4	445	251	194	3	0	0	2
0499618c2bc	14	5	3	2	1	0	0	4
444b33584df	16	2	0	2	1	0	0	3
aa491518f46	21	4	2	2	0	0	0	2
bbdd61dc3f9	16	6	3	3	1	0	0	5
5a25338ac08	15	2477	1469	1008	53	3	0	4
e2db605308b	22	2	1	1	1	0	0	10
23172c5d859	0	184	83	101	2	0	0	2
c9e12204a20	3	32	29	3	1	0	0	8
b69c6a03b18	4	1	1	0	1	0	0	12
5aadeae8889	4	45	6	39	2	0	0	4
6b430a95c9a	16	2	1	1	1	0	0	7
0172cb39f0a	2	2	1	1	1	0	0	5
5e86d013859	16	41	17	24	4	0	0	19
0a8bd34b699	4	196	183	13	2	0	0	51
d49d53fd499	7	12	12	0	1	0	0	4
ce8c30c9dee	21	9	3	6	1	0	0	9
8f8dcf8ed63	22	34	24	10	5	1	0	34
8a52fb7aebc	18	34	10	24	5	0	1	10
24de2bd58ca	21	2	2	0	1	0	0	2
2998e3bafa6	21	13	13	0	1	1	0	8
192234c6895	6	13	0	13	1	0	0	5
82ce3481fe2	6	14	7	7	1	0	0	3
2072925f121	6	1823	1481	342	51	3	0	4
a6b8586e947	6	33	28	5	2	0	0	2
515dc2161b3	7	3	2	1	2	0	0	6
0315251d01d	8	66	32	34	2	0	0	5
3d948d85ce1	9	4196	0	4196	23	0	23	7
0bceaaa3d4e	13	2	1	1	1	0	0	5
facb904c5db	17	5537	4065	1472	84	7	0	4
b1901cd5a5b	18	2	1	1	1	0	0	5
d700a6f74ad	21	2	2	0	1	0	0	4
6bf294d71a1	17	2	1	1	1	0	0	5
50c38dec705	16	4	2	2	0	0	0	6
8e2530c320d	18	14609	7742	6867	80	1	0	4
5f30377bbcf	23	66	56	10	4	0	0	31
3a00470dbb0	21	2	2	0	1	0	0	8
6a57a421095	21	4	2	2	1	0	0	5
ddad872020c	17	2	2	0	0	1	0	3
94728125696	17	2	1	1	1	0	0	6
9fd5e3c89cb	18	1123	624	499	141	0	0	7
4c6f4dabf5f	20	4	2	2	1	0	0	14
8921bf454d7	21	72	14	58	1	0	0	6
c926ab77461	21	21	10	11	1	0	0	13
bd05d83ae7e	18	6	6	0	0	0	0	2
6961bc568f2	21	11	6	5	1	0	0	4
02729d4af7b	21	18	11	7	3	0	0	4
dcd41ca8647	1	1603	1096	507	35	2	0	4
458bbb46879	2	5	3	2	2	0	0	5
0174ceb6b24	4	38	33	5	3	0	0	2
fa344d8514f	5	8	6	2	1	0	0	3
11a784d6da1	8	151	95	56	3	0	0	2
341e41726fe	6	2	2	0	1	0	0	5
02746eddd6f	6	11	5	6	1	0	0	5
65f2e72d770	17	5	2	3	1	0	0	4
9a26946aaa9	17	16	10	6	1	0	0	4
eda1edd07f0	17	3	3	0	0	0	0	3
7067a7155f2	3	37	28	9	3	0	0	11
07ab34cd582	18	3	3	0	0	0	0	2
e4eeaa7fbcc	19	2822	2155	667	60	0	0	4
cb97cdb2568	19	1	0	1	0	0	0	4
138593b156c	19	2	1	1	1	0	0	4
528015e0d84	20	95	95	0	4	0	0	2
2c1ca4078d1	23	105	105	0	4	0	0	12
402bcb83bc9	6	2	2	0	1	0	0	5
2a4568c85f3	6	37	32	5	3	0	0	2
6fdb874e2e9	17	5	2	3	1	0	0	5
28db0c2562a	19	1	1	0	0	0	0	5
552cf28260a	21	2103	1455	648	23	1	0	4
23cf556c6ca	22	57	46	11	3	0	0	9
d489555553f	2	4	3	1	1	0	0	6
b3c0359b567	2	2	1	1	1	0	0	6
5459e5c6062	17	104	49	55	2	0	0	4
8052dd0022b	19	28	15	13	1	0	0	4
505178d82bb	19	6	5	1	0	0	0	2
b5b83b210bb	3	1	1	0	1	0	0	4
f291fbc8a76	21	34	20	14	2	0	0	6
cf49fc7bfe2	16	2	1	1	0	0	0	6
c38dd24dc54	17	18	14	4	1	0	0	2
b2a2bb736b0	19	1	0	1	1	0	0	10
e59b3f0eb3d	21	139	89	50	3	0	0	5
d9fbb8a5807	7	56	44	12	4	1	0	17
a6bc68a83be	17	2464	1938	526	47	2	0	4
31b59400f85	17	6	5	1	2	0	0	5
adec544fddc	17	56	12	44	4	0	1	10
7db5c8a10da	18	10	9	1	2	0	0	10
81f5ed5c654	18	251	224	27	9	0	0	4
0b925d075d3	19	34	29	5	3	0	0	2
a4906c7c83f	23	10	7	3	0	0	0	6
6cd32fb62e2	23	3	3	0	0	0	0	2
d408de87fc2	19	982	487	495	4	0	1	7
7068912fbbe	18	1	1	0	1	0	0	4
cf5ae13f850	19	1	0	1	0	0	0	4
5033da733de	20	3	3	0	0	0	0	4
f4f05a8851f	22	13	8	5	1	0	0	5
1c5d5e0b72a	4	2	1	1	1	0	0	3
a5be730906b	16	1153	876	277	51	0	0	4
3d551e5538d	21	1	1	0	1	0	0	4
9395786d11b	0	113	56	57	3	0	0	5
883b3e28738	7	1	0	1	0	0	0	5
5185c15ef74	7	137	133	4	9	0	0	3
06634f48ebe	19	16	15	1	1	0	0	4
9acd76ed6e0	17	3	2	1	1	0	0	5
083ee0f8b7a	17	6031	3548	2483	68	1	0	4
4bbab143463	14	6021	2478	3543	68	0	1	95
03123435e0c	15	2	0	2	1	0	0	4
a8c2bb41af6	15	202	105	97	5	0	0	2
b14dd492226	15	24	19	5	3	0	0	2
1b589be1d6f	21	1	0	1	0	0	0	3
4593c049592	21	136	106	30	4	1	0	4
ae5d613b3e1	21	19	17	2	0	0	0	4
03dda31b758	15	12	5	7	1	0	0	3
d4f4380f7ea	15	1	1	0	0	0	0	2
91757fa8400	15	14666	8114	6552	144	14	6	4
41ad33910f5	15	212	212	0	2	2	0	5
39b432e42a2	18	13	13	0	1	0	0	2
5bce8ed1186	20	14	6	8	1	0	0	2
0906f945bea	5	2	1	1	1	0	0	9
12a169e8ff4	8	12	12	0	2	2	0	3
60b93cca6da	1	82	47	35	1	0	0	5
0c20c588af8	2	3	1	2	1	0	0	5
51ecba8da9c	6	10	9	1	1	0	0	5
9283e134e55	8	33	28	5	3	0	0	2
4fcbc1b64a0	9	2	1	1	0	0	0	3
7fc794a8ec5	15	12	5	7	1	0	0	5
33e919ae6f3	7	43	43	0	1	0	0	4
488aff085b9	8	57	38	19	5	0	0	3
2982e75a0b9	23	126	107	19	2	1	0	8
e8b3751743a	13	11	6	5	0	0	0	15
44a287987e5	20	4	3	1	2	0	0	5
f86ad1693f5	22	12	11	1	2	0	0	3
4fdebab005a	22	9	6	3	2	0	0	4
635986e4338	19	11	11	0	1	1	0	4
f188b9d6d77	21	19	3	16	1	0	0	10
a055153cdac	21	33	19	14	1	0	0	4
5be6ab6cdbc	23	9	3	6	1	0	0	2
7347fb3e2c4	23	9	8	1	2	0	0	6
3c00ec4e484	9	2	1	1	1	0	0	6
1be722a2712	23	9	9	0	1	0	0	4
4fe5e86a7ec	19	4	2	2	1	0	0	7
1d0fb850d96	19	4	2	2	1	0	0	6
24ac87f5437	17	4	2	2	1	0	0	5
0e501f4ec51	19	14	8	6	1	0	0	5
8796ed22783	0	50200	24637	25563	202	11	6	4
9a6d2c35a1e	0	1829	1826	3	5	2	0	3
c3eafdd3a40	7	43	43	0	1	0	0	4
1b1ad1d363e	8	57	38	19	5	0	0	3
f78691e45c0	13	11	6	5	0	0	0	15
ad960f44624	20	4	3	1	2	0	0	5
6a39a7ed836	22	12	11	1	2	0	0	3
416aa739460	22	9	6	3	2	0	0	4
ead58b9a938	19	11	11	0	1	1	0	4
294c455678c	21	19	3	16	1	0	0	10
f35a8298b15	21	33	19	14	1	0	0	4
df891c36a42	23	9	3	6	1	0	0	2
610743daee3	23	9	8	1	2	0	0	6
b655ce5c088	9	2	1	1	1	0	0	6
c1a4e101560	23	9	9	0	1	0	0	4
90374797f0d	19	4	2	2	1	0	0	7
dffa9e76a15	19	4	2	2	1	0	0	6
cc0164bc129	17	4	2	2	1	0	0	5
35682ac88e5	19	14	8	6	1	0	0	5
17f3ffa6331	17	43	32	11	2	0	0	21
b87669cbf48	20	38	21	17	1	0	0	4
565d862f3c6	20	16	0	16	2	0	0	3
2dda6be7991	3	4	4	0	1	0	0	4
1cf538a60a5	3	165	114	51	4	0	0	7
d5bdda74c16	18	64	48	16	3	0	0	6
7b772f3f68d	20	233	103	130	3	0	0	4
1f947f7b417	3	8	4	4	1	0	0	3
ececd92f627	4	2	1	1	1	0	0	5
5506f99dfab	10	18	14	4	1	0	0	5
5f935f6c14a	19	55	34	21	1	0	0	4
5da4faf8c7b	19	84	55	29	1	0	0	4
8b4f1e05f92	19	19	9	10	1	0	0	2
6135941eeaa	20	47	18	29	1	0	0	3
d3fcd1c75ac	22	1	1	0	1	0	0	2
17ba821e609	23	26	7	19	1	0	0	8
ff027d571bd	23	58	55	3	4	3	0	4
8078ed1f865	4	16	16	0	1	0	0	5
3e9f636b648	5	34	17	17	2	0	0	4
ba2e4a23060	5	21	9	12	1	0	0	4
71d67dbf480	5	20	0	20	1	0	0	4
efc723787a0	6	14	7	7	2	0	0	4
380d12832c3	6	34	0	34	1	0	0	3
5bc4efe8207	6	139	25	114	3	0	0	7
b8bfbdab48d	6	6	3	3	2	0	0	4
5d42cc3a44f	22	5	2	3	1	0	0	2
7628905a9b9	23	4	2	2	3	1	1	7
3a9570386a1	1	13	12	1	2	0	0	2
ae2f566fecb	17	43	32	11	2	0	0	21
9f6f26028f1	22	5	2	3	1	0	0	2
c86f3c5d5c1	23	4	2	2	3	1	1	7
7704fb97115	1	13	12	1	2	0	0	2
da235fa12c2	20	35	30	5	3	0	0	4
678fa311368	3	4	4	0	0	0	0	3
0ef8a86af24	4	12	9	3	1	0	0	5
2d09ef85411	4	127	74	53	1	0	0	4
aef0d8086b2	4	13	10	3	1	0	0	7
efdd73c8e4d	18	18	10	8	1	0	0	4
61448bfc4e0	22	169	133	36	2	0	0	2
83ff473d30c	17	3	2	1	1	0	0	5
77fc61d5395	22	17	10	7	3	0	0	7
feea1330cc3	6	36	34	2	2	1	0	47
ae8f8e7258b	22	2	1	1	1	0	0	5
6bdc42cee7e	22	18	9	9	1	0	0	5
f47ad10db7a	23	10	0	10	2	0	0	6
f08985c193a	21	20	17	3	1	0	0	5
a63fd0fe560	21	53	1	52	1	0	0	6
251d03197f0	21	24	2	22	2	0	0	6
6da0593162d	1	26	0	26	1	0	0	9
bbbcd1fee0a	2	8	6	2	3	0	0	6
42eb5a6898b	3	6	2	4	2	0	0	2
d2de8ba400a	4	30	25	5	2	0	0	8
431e43009c1	4	6047	4720	1327	64	4	0	4
3def66ac3b3	5	6	6	0	0	0	0	4
6eca948ca24	6	120	57	63	5	0	0	6
6680c7fbf7e	6	1	1	0	0	0	0	3
31f8fa222e2	6	2	2	0	2	1	0	2
f8ce848d9b9	7	12	5	7	2	0	0	2
5a801d63d19	7	14	0	14	1	0	0	3
01b3418e2ef	7	44	27	17	5	0	0	6
9628e28aecd	7	48	0	48	2	0	1	2
776754c33f3	8	34	6	28	4	0	1	2
1d17874a7d6	3	4	4	0	0	0	0	3
db6a1788b26	4	12	9	3	1	0	0	5
0ddad3fbc74	4	127	74	53	1	0	0	4
4c5520a37e3	18	18	10	8	1	0	0	4
ee21920571d	17	3	2	1	1	0	0	5
180a04805bb	6	36	34	2	2	1	0	47
10af67714be	22	2	1	1	1	0	0	5
b17b28531bf	22	18	9	9	1	0	0	5
d506a42765f	21	20	17	3	1	0	0	5
84f4ce742f1	1	26	0	26	1	0	0	9
1d8b154e149	2	8	6	2	3	0	0	6
c00a6a7169d	3	6	2	4	2	0	0	2
bcbc52e2579	4	30	25	5	2	0	0	8
7bf46bc9808	18	26	21	5	3	0	0	4
4962702e4a0	18	541	280	261	3	0	0	17
db73c712809	18	51	14	37	2	0	0	13
124fbedc2fa	20	11	7	4	2	0	0	7
1e63cd69f84	20	1	0	1	0	0	0	2
27af64ef463	21	7	7	0	1	1	0	4
354150f4e1f	0	11	9	2	1	0	0	5
1b1bee80995	17	2	1	1	1	0	0	2
754fde7325b	19	4	3	1	0	0	0	5
9922e4e4339	23	7	1	6	0	0	0	12
e2274412488	17	104759	103182	1577	71	4	0	4
4df999f85f2	18	104761	1578	103183	71	0	4	11
3fc9192d0dd	2	65	65	0	2	3	0	3
353e2565d58	9	41	26	15	4	0	0	5
f9d6b074cf7	8	8	8	0	1	0	0	5
069d973d74e	9	8	0	8	6	0	0	5
3a64c22cc1b	10	7	4	3	0	0	0	6
fe060916ec8	10	34	17	17	0	0	0	8
d89f8dce286	18	68	35	33	1	0	0	4
7bd94712a85	18	20	9	11	1	0	0	4
163485c8aa7	18	68	34	34	3	0	0	4
9911629de01	18	283	139	144	3	0	0	4
f323f34353c	23	14	7	7	2	0	0	3
c3bc48d451c	18	100	50	50	1	0	0	7
ee9af669905	18	34	34	0	1	1	0	22
1a2c1c8a96b	19	11	3	8	1	0	0	4
5cc1428d5f7	19	5	0	5	1	0	0	3
265cda97d7e	0	43	42	1	2	1	0	12
5a4c40beea3	18	1	1	0	1	0	0	14
5829716649a	18	3	2	1	1	0	0	13
c9627e0a0d1	21	114847	108667	6180	147	9	2	4
d7c1690c749	18	500	255	245	1	0	0	7
f6f739b3a22	18	51	14	37	2	0	0	13
7140933fcce	19	4	3	1	0	0	0	5
529cdad2dd7	23	7	1	6	0	0	0	12
b98958d7fe0	2	65	65	0	2	3	0	3
1165878e3cc	9	41	26	15	4	0	0	5
55aa7b17ab3	10	34	17	17	0	0	0	8
45a01aff592	18	100	50	50	1	0	0	7
41eca918e5e	18	34	34	0	1	1	0	22
80974dc85b8	18	1	1	0	1	0	0	14
2fb393a768d	18	3	2	1	1	0	0	13
fea3919d1be	0	43	42	1	2	1	0	12
dc103ae020e	23	37	28	9	3	0	0	4
29cc78f8245	2	817	626	191	6	6	0	5
48d7a1edc1b	22	1618	809	809	16	8	8	8
38f8665f3a8	17	34	24	10	2	0	0	11
dbf0d6bb709	19	4	3	1	1	0	0	10
7fca1013386	22	1075	648	427	33	0	0	4
5986a582d9d	6	5	3	2	1	0	0	9
54e844cf08c	16	5	5	0	2	0	0	2
0003c701bcb	23	1	1	0	1	0	0	3
f7a9eea0d4b	7	200	200	0	2	2	0	8
634c4bf0b0e	7	197	197	0	1	1	0	4
b5359e40be9	19	64	34	30	2	0	0	6
d164989e3fd	1	4	2	2	1	0	0	12
39b9043befe	19	2	1	1	1	0	0	19
783f5019b0f	19	5	4	1	2	0	0	7
f23eb282c01	19	24	8	16	2	0	0	2
5dd08c6c71c	21	5	4	1	1	0	0	4
a6017660d8b	22	4	2	2	1	0	0	3
fe74283e1d2	23	136	101	35	5	0	0	5
bc695475b90	0	93	86	7	5	2	0	6
0cf03ab8002	2	13	13	0	2	0	0	5
9d248f690a3	2	2	2	0	1	0	0	4
8ab691726d7	3	4	1	3	1	0	0	7
393f0071e4c	3	84	77	7	1	0	0	5
cdd1d675a7b	3	12	0	12	2	0	1	4
81ac0d5088c	5	70	47	23	2	0	0	2
1d3142a882d	6	20	18	2	2	0	0	7
007881b6480	8	8	4	4	1	0	0	5
2944e03a030	8	9	4	5	2	0	0	5
0a0e90dcca1	21	65	65	0	1	1	0	8
7e24a05cba2	23	6	3	3	2	0	0	2
1879d8211d4	23	3	1	2	2	0	0	5
ee8522996a6	23	216	108	108	2	1	1	3
8139bb24c1f	23	12	12	0	1	0	0	11
32aadd9400c	23	9	5	4	1	0	0	6
901d5fd0d24	23	1	0	1	1	0	0	5
c4636a578ce	18	93	67	26	4	2	0	4
0fcb3bd3a9f	18	2	1	1	1	0	0	6
6691aca2297	8	2	1	1	1	0	0	9
cdde22a27d7	21	55	35	20	1	0	0	2
ff456b38862	23	88	83	5	3	1	0	4
3cf4827ae0c	17	89	89	0	2	2	0	4
ccf2a04ea2b	5	31	16	15	0	0	0	4
cf1db4f3043	18	83	63	20	3	0	0	5
97255c2651f	21	229	155	74	5	0	0	34
4adadc38f4a	22	3	2	1	1	0	0	4
40f675b64b9	22	76	40	36	1	0	0	5
1b2f6f9e29b	0	5877	2219	3658	73	6	2	4
a313f38c345	0	2	1	1	1	0	0	7
3407dab07fa	18	14	7	7	1	0	0	7
8c0e87f9c33	20	4	4	0	1	0	0	6
5a98fa48094	0	21	8	13	1	0	0	8
6570cd99e51	2	75	56	19	2	0	0	28
33e45bbe463	4	86	86	0	1	1	0	5
ceb5331a64e	19	39	38	1	2	1	0	22
2629296c257	19	13	13	0	1	0	0	4
3b861db31d1	22	2475	2086	389	75	2	1	4
174a3a9a08a	22	1803	1211	592	15	0	0	4
92c5634cbda	0	3	0	3	1	0	0	7
604f4fdf8c4	17	10	5	5	5	0	0	5
b2969a9155f	17	1	0	1	1	0	0	4
d9a5edb2b07	18	49	30	19	2	0	0	2
9bf2975f78c	18	30	18	12	3	0	0	20
0ac2ef924f2	18	25	24	1	1	0	0	103
44234e9cc72	21	81	41	40	2	0	0	6
38f117cb6df	21	35	19	16	1	0	0	5
477df1aaec1	22	4	0	4	1	0	0	13
1582cfebd67	22	102	97	5	3	0	0	4
bb85e7751f1	23	4	2	2	1	0	0	4
18ff6db6487	19	4	3	1	1	0	0	10
39a2a9d1b69	6	18	17	1	1	0	0	7
969ee3dd836	19	5	4	1	2	0	0	7
97e30402026	1	1	1	0	1	0	0	6
9f25dc16257	21	55	35	20	1	0	0	2
bdd82b7c5fb	23	88	83	5	3	1	0	4
006e283b781	17	89	89	0	2	2	0	4
8fb9cd25759	21	229	155	74	5	0	0	34
8ec4870611e	22	76	40	36	1	0	0	5
46eda290be1	0	3	0	3	1	0	0	7
60b5bcac0cc	17	10	5	5	5	0	0	5
ad4fb5319bd	18	24	23	1	1	0	0	103
78afb126631	21	19	10	9	1	0	0	7
a958ebfca0d	21	35	19	16	1	0	0	5
d3e68342978	19	13	13	0	1	0	0	4
f7bc7fb0317	18	120	89	31	3	0	0	25
428a6701215	21	45	39	6	4	0	0	4
15594eaf870	9	2261	499	1762	18	3	15	4
fcd0c3ebc0a	2	136	0	136	1	0	1	11
7eed71f8bb8	3	2	2	0	0	0	0	5
583c07bf8bf	0	5	1	4	2	0	0	2
5cf4ceff592	1	8	6	2	1	1	0	2
eaba4fc2bff	1	1	1	0	1	0	0	2
43022eabf79	1	4	3	1	0	0	0	3
5175864c0e1	2	3	1	2	0	0	0	8
a7b4af0ae54	2	28	12	16	1	0	0	4
2470d2ee92b	5	82	56	26	7	0	0	39
9bbc7e0bc79	8	1	0	1	0	0	0	3
72aee8216cf	18	0	0	0	0	0	0	4
d1e5fbdde4d	18	7	0	7	0	0	0	3
dcc4fffe4dc	20	19	19	0	2	0	0	9
5cc29b80f23	18	336	171	165	2	1	0	7
79944006e25	19	167	94	73	2	0	0	7
bc47353bbe1	19	116	86	30	2	1	0	6
ac54272218a	9	66	45	21	2	0	0	44
aeb9bed63e3	9	33	20	13	2	0	0	3
38dde9684f4	19	84	46	38	2	0	0	6
67652ddf27b	22	238	134	104	1	0	0	7
ad61d77fa35	18	63	36	27	2	0	0	14
73cfda12bb7	18	41	31	10	2	0	0	5
65dced730fa	19	10	5	5	1	0	0	21
5171da5a6c4	20	3	0	3	1	0	0	4
1eb547fec12	20	10	4	6	1	0	0	5
23927751eb1	22	29	14	15	0	0	0	3
9bea4c8d587	2	8	0	8	0	0	1	4
fa7dcbec8be	2	35	18	17	0	1	1	2
7a48fd84554	7	12	9	3	2	0	0	5
ccdd979a690	23	206	112	94	4	1	1	5
268bcbde7c6	18	10550	6287	4263	102	2	0	4
ef9e716fd1e	18	2	1	1	0	0	0	5
016fdab43e9	19	5	4	1	1	0	0	5
9c2969253bb	19	15	7	8	2	0	0	8
5e11b8a9375	20	86	46	40	1	0	0	2
7c90ff5d416	23	5	5	0	2	0	0	8
ae802e3867f	0	6	3	3	0	0	0	4
2fa260cef68	2	13	7	6	1	0	0	4
fd725efa8f9	18	4	4	0	0	0	0	5
ea78d995e06	21	2373	1439	934	60	2	0	4
f1391f33cd8	21	2	1	1	1	0	0	3
41c1563584b	21	12	1	11	1	0	0	4
97c97450632	23	21719	9148	12571	68	34	35	13
f8f675ba418	21	65	65	0	1	1	0	8
c42a5cc8eb6	23	58	57	1	2	1	0	5
07812c47a40	1	55	55	0	1	1	0	8
515f006b6e4	17	28	28	0	1	0	0	5
6ce007e89a5	4	5	3	2	1	0	0	7
029180a93c5	16	2	1	1	0	0	0	2
a3750a98335	0	2	0	2	1	0	0	6
c6029c75a46	1	29	11	18	6	0	0	5
8285f128644	21	141	124	17	4	0	0	2
d23643051e0	6	133	61	72	3	0	0	3
06267f4d8d6	6	4	2	2	1	0	0	7
4b4d4afa0ad	23	22	16	6	3	1	0	2
c7b24efd21f	0	48	24	24	3	0	0	5
d4af8a6b6ac	6	22	18	4	1	0	0	17
564a48643bd	6	9526	6824	2702	95	10	0	4
8e09b1e2e19	22	24	4	20	1	0	0	28
de6e88c4282	22	53	25	28	1	0	0	10
320e0020a26	22	24	10	14	1	0	0	3
b842fbd6022	23	2	1	1	1	0	0	5
bc0118e519a	23	26	0	26	1	0	0	4
d787a444c5f	23	27	15	12	9	1	0	5
25eecd179bb	6	2	1	1	0	0	0	4
d7e7161b27f	7	65	63	2	2	1	0	6
0b7fb01e677	7	3	0	3	0	0	0	3
6b71e0b0380	8	2257	0	2257	4	0	8	5
19ed02b2862	8	65	31	34	1	0	0	5
a375c6ae9a3	18	36	8	28	1	0	0	12
183f6c20779	19	1	1	0	1	0	0	6
8b1082825c7	2	305	152	153	12	2	2	4
00a1d61cc86	3	4	2	2	2	0	0	4
473721979d7	3	20	13	7	0	0	0	5
702a923da74	3	8	4	4	1	0	0	5
879a9e05486	3	180	90	90	2	1	1	3
4144024e6b5	4	21	20	1	2	1	0	8
90d1e473230	4	34	18	16	1	0	0	3
e5cc6388cbd	4	19	19	0	1	0	0	3
84a5a69d9f3	4	4	3	1	1	0	0	5
9bf93de5320	6	13	10	3	0	0	0	2
a01e09502e8	6	2	1	1	0	0	0	6
ab86f597bce	18	47	45	2	2	0	0	44
9634669cc78	9	33	20	13	2	0	0	3
b70149856d5	18	82	45	37	2	0	0	6
26b3f228ad2	18	73	37	36	1	0	0	18
d2828ea2a59	18	59	34	25	2	0	0	14
ae2087460b6	18	41	31	10	2	0	0	5
b6eeddeb17f	18	88	37	51	1	0	0	13
825308a45c4	19	5	4	1	1	0	0	5
67cc6d70a50	18	17	8	9	2	0	0	8
c6d214739af	0	2	0	2	1	0	0	6
299eda8a6ca	18	160	134	26	4	0	0	2
7590075ea71	6	4	2	2	1	0	0	7
44db37859d5	6	22	18	4	1	0	0	17
9a066c99e46	22	24	4	20	1	0	0	28
e006edab57a	18	56	27	29	1	0	0	10
ba5ac87b126	3	4	2	2	2	0	0	4
cf05257fb76	23	85	58	27	3	1	1	7
cea3a95f9fe	0	61	61	0	2	1	0	29
44fa89cda81	0	61	61	0	2	1	0	29
03fa258df7d	3	9536	2707	6829	95	0	10	9
ce9a54aa1fb	2	81	72	9	2	0	0	4
74a1fc334e4	22	55	48	7	3	0	0	4
c87b7b7c69c	17	4	2	2	1	0	0	4
17307e386ee	17	3	2	1	1	0	0	3
241ea7e5954	19	41	19	22	3	0	0	24
9da29a61094	22	4	2	2	1	0	0	2
9f1b27bf76d	1	7	7	0	0	0	0	3
bce092aeb84	2	108	47	61	5	0	0	4
2219c64a041	21	10	7	3	1	0	0	4
57d81729064	23	153	71	82	2	0	0	6
6ff12c425e8	23	9	7	2	1	0	0	2
2a750bffcc6	0	26	26	0	1	0	0	4
df46c8e698b	20	997	376	621	10	3	3	6
913789da3e3	22	657	655	2	5	2	0	2
dcc547d798c	20	272	59	213	2	0	0	3
d74c5060447	22	18	12	6	3	0	0	2
5ba0be61661	1	3	3	0	2	0	0	5
e1250a3333d	17	5	3	2	2	0	0	5
5a84461e46c	17	12	8	4	1	0	0	9
7c3c5c6861e	19	22	17	5	2	0	0	5
10ff559ec39	19	21	21	0	3	0	0	19
5d6a03c9fe5	19	24	13	11	1	0	0	6
a6d84253824	22	7	5	2	2	0	0	7
fa556a14251	0	94	64	30	4	0	0	6
d3fbe3e3d14	18	275	138	137	1	0	0	9
42357645cb3	19	8	7	1	3	0	0	3
02039c9b538	19	12	6	6	1	0	0	5
3884b4185a7	19	33	23	10	5	0	0	3
0b1214c16b4	19	43	28	15	4	0	0	7
544877d12e2	19	6	4	2	1	0	0	6
849792e46b3	20	6	5	1	1	0	0	8
2ba3c10d624	22	5	4	1	1	0	0	7
1f18648394d	0	4	2	2	1	0	0	2
296802c6417	0	4	2	2	0	0	0	2
9c29ac6febb	18	80	41	39	1	0	0	2
cbdcc1d5f32	18	15849	11709	4140	143	22	0	4
7515360951d	20	7	1	6	1	0	0	4
d722c8df73f	21	27	25	2	1	0	0	5
15d5378684e	21	170	170	0	3	3	0	6
464ced4a86e	6	6	1	5	1	0	0	12
a93634007a0	7	15	11	4	1	0	0	10
56074d1056a	8	23	7	16	2	0	0	4
d42098651bb	4	15	4	11	1	0	0	14
794e7be4f8f	4	6	5	1	1	0	0	16
23204979926	4	1113	243	870	14	0	2	15
c321e9893d9	7	25	19	6	1	0	0	7
58902725387	21	12	11	1	1	0	0	9
6063ea62dfe	22	19	18	1	1	0	0	4
c11f3f8b0fa	22	25	14	11	1	0	0	4
bb6d468dd83	23	34	22	12	1	0	0	8
b1088d6bd20	23	6	2	4	1	0	0	13
a16b3c31485	23	12	5	7	1	0	0	5
f6479f2fb62	23	10	10	0	1	0	0	5
7b2f5ab7f8b	4	1	0	1	1	0	0	3
d6954861852	5	50	47	3	3	1	0	2
12554380d54	5	12	12	0	1	0	0	6
f123a1ab40d	1	3	3	0	1	0	0	6
4f32a59307b	20	6	5	1	2	0	0	3
a6f6532dfbf	2	69	42	27	4	0	0	2
b57c1f51b94	2	28	18	10	3	0	0	9
73318fa09d0	9	9565	3153	6412	59	0	4	4
102b1d999d9	2	132	130	2	2	1	0	5
8012f2cb7ad	2	2	2	0	0	0	0	4
be2457aaca6	5	5	5	0	1	0	0	4
bf89872306b	7	76	46	30	3	0	0	1
97970b05fe3	7	2	1	1	1	0	0	3
105501c1958	8	22	13	9	1	0	0	8
7a7feb8cd34	8	17	17	0	1	0	0	6
1db59afb758	15	129	70	59	1	0	0	1
6057747e9ed	21	23	12	11	1	0	0	4
85827bde344	22	10	8	2	1	0	0	8
735b9d50a3c	22	75	64	11	2	1	0	15
06b600b2004	22	75	64	11	2	1	0	15
b6face1dce0	23	1	0	1	1	0	0	4
3fceb491d4e	23	64	28	36	4	0	0	1
711196cafa1	0	3	2	1	1	0	0	9
1dbbaa7fa09	1	24	24	0	1	1	0	6
a326eebac83	3	3	3	0	0	0	0	4
6d7242b4851	3	4	2	2	2	0	0	4
aed0ba3211b	3	5	3	2	2	0	0	5
db98d6e4e0c	18	54	47	7	1	0	0	6
81afb54c0aa	19	2	1	1	1	0	0	2
70188499b07	19	165	88	77	2	1	0	4
486c74e72bd	19	2	1	1	1	0	0	7
7286b795215	19	4523	2767	1756	65	6	0	4
e15e214747d	19	3	1	2	1	0	0	12
09157369b30	23	34	22	12	1	0	0	1
4b947310b2c	0	7218	3629	3589	4	1	0	6
ea540c94f80	0	145	128	17	2	0	0	3
355936dcde1	0	11	10	1	2	0	0	3
02aaac892ba	0	11	10	1	2	0	0	3
09229820e7c	7	14	11	3	1	0	0	13
1fe450c62c8	7	2	1	1	1	0	0	2
504a80dc6d2	8	8	4	4	2	0	0	4
28a86c3e567	9	7	3	4	2	0	0	5
855210ce0b9	9	12	6	6	1	0	0	5
30a3dfe2b96	9	5	1	4	2	0	0	5
89e398f075b	19	2	1	1	1	0	0	7
5dab4be53ce	19	2	0	2	1	0	0	4
c5d32b3c64e	20	2	2	0	0	0	0	2
127f17a0ea7	20	10	3	7	2	0	0	10
ec1589875ce	20	1	1	0	1	0	0	7
d8f2880ca46	21	158	158	0	2	2	0	4
cd48649c618	21	2	1	1	1	0	0	5
08d8116f6b5	21	103	51	52	1	0	0	1
a1284510042	0	9436	9435	1	42	44	0	6
db78043d525	0	171	87	84	2	0	0	1
11ea8da9c32	0	84	42	42	1	0	0	2
ac58d3a6653	1	3140	3138	2	1	1	0	6
f22c248e4c6	1	167	91	76	4	0	0	2
09329cbb04a	1	424	229	195	4	0	0	2
e232f6e7356	2	1118	563	555	8	0	0	2
dd53ceebe4e	4	291	144	147	7	0	0	1
558e5ba2b0f	20	1194	612	582	2	0	0	4
ea9006a5bcd	23	33	29	4	1	0	0	4
712c74fc7a1	0	16	6	10	1	0	0	5
da96e07bbe9	0	1	1	0	1	0	0	3
33685fee48a	0	17	16	1	0	0	0	5
d3532a4bf29	1	4	2	2	1	0	0	5
a0e9a510b04	3	108	101	7	5	2	0	14
c70acbb1a3b	20	27	24	3	1	0	0	4
5a21138e37e	21	2	1	1	1	0	0	3
fbdff52b447	21	21	10	11	1	0	0	5
a0159b4b295	23	919	461	458	159	0	0	3
92789b16e59	0	219	105	114	30	0	0	3
02cc39f2219	21	76	45	31	8	0	1	7
5bca100afef	1	161	120	41	4	0	0	5
0b0faceb198	2	799	396	403	5	0	1	5
180dfca03f6	19	11	1	10	1	0	0	15
5b8c62f7d12	19	412	411	1	18	17	0	11
c30f1137121	21	56453	53557	2896	347	112	0	4
ee5366a4103	0	492	318	174	21	6	1	17
6bc9b2ef920	0	23	14	9	2	0	0	5
5d60b06b76b	1	13	12	1	0	0	0	5
0ec57ea34c5	19	105	59	46	2	0	0	4
a0c55dfe096	19	45	16	29	2	0	0	9
13b14300b9a	19	13	11	2	2	0	0	6
bb46b63e33e	19	11	11	0	1	0	0	5
a9522316407	19	1	0	1	1	0	0	3
0ea0b921b7c	20	54	30	24	2	0	0	7
dac4d486ecb	20	114	64	50	2	0	0	9
9a7fb3c9889	21	124	124	0	2	1	0	3
a3c91c216f8	21	27	13	14	1	0	0	6
5a87bd168d8	0	10	2	8	1	0	0	5
137c3615171	8	136	63	73	2	0	0	6
2ca63c8f79a	8	89	89	0	2	1	0	12
a473b8dafb1	10	59	30	29	3	0	0	6
5138992f3c2	10	22	14	8	2	0	0	6
32e8692b068	19	216	139	77	3	0	0	59
c444293be99	2	143	127	16	2	1	0	7
8ef683dead7	2	508	254	254	4	2	2	9
d4f1ab00d21	2	47	35	12	1	0	0	8
70baeba8a90	6	25	19	6	3	0	0	3
dc65cbd2e95	6	228	120	108	1	0	0	9
4f2ab03e979	8	2	1	1	1	0	0	2
953561ab061	9	39	17	22	2	0	0	7
66767edf127	9	6	6	0	1	0	0	2
6636bfaa0ab	9	206	84	122	1	0	0	7
e3d1808ef0e	10	141	72	69	4	0	0	26
5bdcec67f05	10	24	24	0	1	0	0	4
c9e5cfcc348	10	9	5	4	5	0	1	3
a59483bd1d6	10	42	40	2	2	1	0	6
1d78159e8f8	6	15021	8164	6857	96	5	1	4
7d73779446e	6	8	6	2	0	0	0	3
1dad95a3a96	6	8	4	4	0	0	0	4
c970968ee60	23	44	38	6	3	0	0	5
c4161f32f5e	23	63	52	11	4	0	0	4
632da2a393a	23	17	11	6	3	0	0	5
ea700a88510	19	15042	6852	8190	95	1	5	4
c6406f9e577	19	216	139	77	3	0	0	59
033ab7ebb67	20	7	7	0	1	0	0	36
c9d3a81db0e	22	47	38	9	2	0	0	6
02aae22397f	22	102	101	1	2	1	0	4
2dc17e93ee3	22	11	11	0	1	1	0	5
d0beac70f4d	2	41	22	19	3	0	0	14
7d425a0a160	17	19084	11308	7776	157	16	1	4
d1f36accbf4	17	8	4	4	1	0	0	9
4bb914bde9f	20	58	51	7	2	0	0	4
a8f666ebb8a	17	4	2	2	1	0	0	4
24aded078fd	21	87	84	3	2	0	0	5
3cf2cbf9043	19	32	28	4	2	0	0	6
bb27885251f	23	1	1	0	1	0	0	8
41d73e02a22	0	2	2	0	1	0	0	3
fca713eba45	2	3	3	0	1	0	0	4
8db0bbe0dcd	19	39	34	5	2	0	0	4
1a894b39b3c	18	2807	1843	964	64	1	0	4
d793fcaabd7	20	5	4	1	0	0	0	7
6acf3b48585	20	5	4	1	0	0	0	7
4227e9d79de	23	2	1	1	1	0	0	5
d02131d206d	18	6	6	0	0	0	0	3
e3ce73a2145	9	34	31	3	1	0	0	7
0df804b9e7b	19	86	58	28	1	0	0	5
8d82ec21308	3	307	300	7	3	2	0	10
797aa97e19b	6	75	38	37	2	0	0	2
8e96b8ab9bd	8	51	42	9	1	0	0	10
a8417c128e0	22	107	93	14	2	0	0	4
4e81cf7def7	22	11	7	4	2	0	0	8
0dcbe3f74a0	1	97	92	5	3	0	0	11
b5aed43f04b	2	145	119	26	1	0	0	4
3be4f097a3d	2	3	1	2	1	0	0	4
8874c51d046	7	20	2	18	2	0	0	10
0c928b124c2	7	61	49	12	1	0	0	6
0adc6b29bd1	18	4	2	2	2	0	0	9
080daf9dddd	18	25	13	12	1	0	0	7
74cc021ec28	18	12	9	3	1	0	0	3
50c1c1e12d0	18	12	12	0	1	0	0	3
90e55c3357c	6	273	101	172	3	0	0	7
e33d0de1295	8	17	12	5	1	0	0	4
bb400d5697d	9	77	60	17	1	0	0	5
f484cbf4c7b	18	75	56	19	1	0	0	6
481329ee7c4	18	37	16	21	1	0	0	3
2a7e7b1c46a	19	86	58	28	1	0	0	5
9244a64b59f	18	39	39	0	1	0	0	10
109f845e493	18	14	5	9	1	0	0	2
d4859a55bc8	19	532	282	250	1	0	0	9
074af67dd36	19	16	12	4	1	0	0	6
a3c4e17c2a6	19	9	7	2	1	0	0	4
866201bd74b	20	58	42	16	1	0	0	4
0946474b5c0	21	32	23	9	1	0	0	5
40b6197d9b7	21	2	1	1	0	0	0	12
62e0ca05a63	23	77	66	11	3	0	0	6
294bcb33e6d	1	50	50	0	2	0	0	12
aea568b04a2	1	12	7	5	2	0	0	6
7b9a2f29b40	2	1	0	1	1	0	0	7
af6662d5e5b	2	50	41	9	2	0	0	4
916f567d23c	2	75	75	0	3	1	0	6
6f8d78d84b5	3	38	31	7	3	0	0	4
5b81897cf6a	5	8	4	4	1	0	0	6
40f29dd48a5	21	325	187	138	2	0	0	2
1c7cd4aac34	22	22	16	6	2	0	0	6
8f5f213a6fd	0	87	3	84	2	0	0	9
ce5ddacaf43	1	41	36	5	1	0	0	7
b45698e6762	1	4	2	2	1	0	0	36
00974df3e52	5	19	16	3	1	0	0	7
8b352bdc5d0	5	4	3	1	1	0	0	5
29626d87317	5	9	5	4	1	0	0	5
c82fe30ca14	5	70	42	28	1	0	0	2
2e3e95ee890	5	50	31	19	4	0	0	2
1345103c3ab	9	6	3	3	1	0	0	2
cd1ec272685	9	19	18	1	1	0	0	5
7e831bfba15	9	32	32	0	5	0	0	8
b5637170b17	20	2	1	1	1	0	0	4
feb77eab656	2	28	26	2	2	0	0	7
57544ba1c54	2	38	32	6	2	0	0	4
2b5b128cbac	2	4	2	2	1	0	0	4
282cce1ea58	20	3	2	1	1	0	0	7
d040f1d19d1	21	6	5	1	1	0	0	5
f11e24b864a	18	93	72	21	2	0	0	9
e4dd5cd6fd7	23	12	4	8	4	0	0	6
94f8368cf9e	9	81	79	2	4	2	0	6
73f4ec51fde	18	14	10	4	1	0	0	5
2957382991c	19	45	31	14	5	0	0	8
bc1d758408c	19	10	6	4	1	0	0	8
cda4d56bcf2	19	4	2	2	1	0	0	2
468042fc84e	1	56	47	9	1	0	0	5
b62152bc845	19	202	102	100	2	0	0	4
4e108ef9b64	19	20	3	17	1	0	0	6
bb7bf58cc77	19	7	3	4	0	0	0	3
3770462ee35	3	2	1	1	1	0	0	2
22561dfbcf5	19	2	1	1	1	0	0	5
b6dafc1a470	21	29	19	10	1	0	0	8
5a059921551	0	259	144	115	11	0	0	1
08bec7ab0a9	2	1	0	1	1	0	0	8
2e76cd382ff	18	65	48	17	2	0	0	11
73f53e12e4a	23	30	24	6	2	0	0	4
318b1a0a037	0	4	2	2	1	0	0	4
5580907c585	2	3	1	2	1	0	0	7
5342e3e9256	3	20	13	7	1	0	0	6
e1f4b3f009d	3	79	78	1	1	0	0	3
9da75f39d97	2	41	40	1	2	0	0	8
202dd8387fc	0	42	35	7	4	0	0	5
1f38046b516	0	15	12	3	1	0	0	12
907e5699802	0	202	101	101	15	0	0	3
63bd237892e	1	22	11	11	3	0	0	4
b9cfd9527ac	1	51	36	15	3	0	0	1
320a56b89d3	2	2	1	1	1	0	0	7
b7419dfaadc	16	3741	2449	1292	15	0	0	4
b92329667ff	18	6	3	3	2	0	0	3
b8d63c10cd2	22	11019	6406	4613	8	0	0	2
6dbf49110b5	22	457	220	237	3	1	1	6
8e461673c44	23	3	2	1	1	0	0	13
7c0f453b7cc	0	30	17	13	1	0	0	4
82e9da9fb7f	0	2	1	1	1	0	0	10
86160a88079	0	10	3	7	1	0	0	4
fc634cd92c6	2	425	360	65	17	0	0	4
1b63bd16ed5	18	38	37	1	1	0	0	6
72589b60ada	18	2	1	1	1	0	0	6
33c33949b29	18	41	40	1	2	1	0	16
82afd0da357	18	41	40	1	2	1	0	16
5f795efd4e3	20	78	59	19	2	0	0	7
5f5201db2ff	21	12	5	7	2	0	0	21
aab4f37e20a	21	68	52	16	2	0	0	21
4e1e6a2d151	0	5	4	1	1	0	0	7
09994438e58	10	209	165	44	2	1	0	6
29f48d48e51	10	24	14	10	2	0	0	6
cb71a7dab30	19	36	17	19	1	0	0	6
7df8a05129c	19	96	86	10	2	0	0	4
d87ab5450bc	20	86	76	10	1	0	0	3
533797a607f	21	53	47	6	1	0	0	4
0fa3f2febda	21	22	18	4	1	0	0	6
53f29d86c0e	23	8	8	0	1	0	0	7
4fa712c48f1	23	17	9	8	2	0	0	7
860e7a7a5f4	0	17	14	3	2	0	0	7
496be457b6a	0	10	10	0	1	0	0	20
9bcfc0745c8	4	12	0	12	3	0	0	9
d9087c10ad3	8	4	2	2	1	0	0	1
f35773ad076	9	44	44	0	1	1	0	17
c3b0d133aa5	22	10	8	2	1	0	0	6
b622bc6305e	23	29	23	6	3	0	0	4
082a4b6033d	23	4	2	2	1	0	0	4
cf2e4f44afb	19	27411	18181	9230	218	15	3	4
a51063c13c6	21	5	5	0	1	0	0	6
86bf3309bf2	21	4	2	2	1	0	0	2
2ec4cd55250	22	145	69	76	3	1	0	6
b22b5e341bc	0	57	57	0	2	1	0	5
4d0416caf6e	1	5	5	0	1	0	0	4
2f6cb660094	2	62	59	3	2	1	0	4
39535d74df4	6	182	91	91	2	1	1	7
cb14236bb44	6	4	2	2	1	0	0	4
4f8dd28f7e8	18	26	8	18	2	0	0	7
b8f006ef72b	19	6742	4635	2107	70	9	0	4
5895df4d0e2	19	3	3	0	0	0	0	7
6e9f746a469	19	2	1	1	0	0	0	2
d4127717ac1	19	2	1	1	1	0	0	5
ba80d4d8a9e	19	39	24	15	3	0	0	10
86ddc0965ab	20	35	34	1	2	1	0	9
ae30af44cfb	2	25	17	8	0	0	0	4
60aea96f84c	10	542	208	334	1	0	0	7
e576d4ec79a	18	100	96	4	1	0	0	4
105c35b9fd6	19	136	135	1	1	0	0	2
4125822bedf	23	34	28	6	1	0	0	6
d89454e5d44	0	65	62	3	2	0	0	4
f4659495167	1	90	41	49	2	0	0	8
032f80efeaa	1	149	79	70	1	0	0	5
0866ecaf3fc	1	2	1	1	2	0	0	1
7a16e2a2a06	2	6	4	2	1	0	0	6
a86747603c3	2	6	4	2	1	0	0	10
86e687086b7	3	25	12	13	0	0	0	11
e65f6b4ce12	21	122	112	10	4	1	0	5
db8736ad932	21	31	30	1	2	0	0	2
b9574b995fb	21	5	4	1	3	0	0	2
68f2aa2715d	22	47	45	2	2	1	0	6
7dfbccf9bdf	23	46	46	0	1	1	0	2
4612b07604b	1	19	15	4	1	0	0	7
76afea90cf5	1	2	2	0	1	0	0	27
6703a7f1e06	2	2	2	0	2	0	0	5
bb3e71466e5	1	23	17	6	2	0	0	4
78929183534	2	4	2	2	1	0	0	4
555184663a4	23	2	1	1	1	0	0	4
9e976abad98	18	124	73	51	11	0	0	1
cc5e9130bbd	19	9	9	0	1	0	0	4
068b733583a	1	360	358	2	8	4	0	7
4c5e570706c	4	9356	5974	3382	98	5	0	4
72dd8778b9b	6	2	1	1	1	0	0	2
39ff40e5a23	6	305	233	72	1	0	0	21
8bd7e4fad81	20	1	1	0	0	0	0	3
72bef516dc8	23	1	0	1	0	0	0	7
5ad00f82c6a	23	10	8	2	1	0	0	6
129217a4e92	1	2	1	1	1	0	0	13
3d4a0211b6b	22	2	1	1	1	0	0	10
8f23583d10d	18	10	5	5	4	0	0	7
97e13748fac	21	4	2	2	2	0	0	3
4ea6916974b	22	4	2	2	1	0	0	6
6e53cf8b3fd	0	7	4	3	1	0	0	2
f9f0e5c75c6	0	13	8	5	1	0	0	3
f71e4d8b431	0	3	2	1	1	0	0	5
bfb6a67d604	0	13	7	6	7	0	0	4
fbb74784b51	1	6	3	3	2	0	0	3
1f041fe73e7	1	6	6	0	1	0	0	8
cb06abe1e58	1	18	17	1	2	1	0	6
df5d5d63422	3	33	12	21	1	0	0	5
895968d8f84	3	56	56	0	1	1	0	2
eb565e1ce24	3	130	11	119	3	0	2	2
b6c66f735bf	3	457	237	220	3	1	1	10
286389202fe	4	3	1	2	1	0	0	2
d8579c6afdb	3	54	46	8	2	0	0	4
97375c475e1	5	2	1	1	1	0	0	4
7eaa956baee	9	8048	5381	2667	113	3	1	4
192d2e0803b	20	6	5	1	1	0	0	7
43d818a19cc	21	2	1	1	1	0	0	2
fda70b8b909	21	6	0	6	1	0	0	4
6ede26cb9cd	18	48	47	1	4	0	0	2
ef123600ce2	18	6	6	0	1	0	0	6
9f3a20c76d4	19	11	11	0	1	0	0	7
c5017851128	19	6	3	3	2	0	0	7
0634e3a8bc3	21	468	308	160	27	0	0	4
45b30a879bf	0	59	29	30	1	0	0	4
33e8e3d799f	0	61	61	0	1	1	0	6
3e5b5685041	1	10	10	0	1	0	0	3
2ff593ad23e	21	196	114	82	3	0	0	8
807fca6803b	22	29	25	4	2	0	0	7
ee092f62cae	19	2751	1894	857	78	4	0	4
e6f14d6df57	22	24	12	12	1	0	0	5
41b4ec7952f	23	261	177	84	4	2	1	9
3e58696c071	23	32	14	18	1	0	0	4
97f7c064511	20	187	110	77	4	1	1	5
f6e5b8986f4	20	3	2	1	1	0	0	2
bc23ec8d056	22	13	13	0	2	0	0	3
c10caca34cb	0	77	40	37	2	0	0	1
1a7830a92a2	17	2	1	1	1	0	0	5
aa95e5708f2	22	6	5	1	3	0	0	5
e42c74e1416	0	27	23	4	2	0	0	2
c783aefb0f3	0	9	8	1	1	0	0	5
4733d0b1f08	23	140	137	3	5	1	0	3
9493b7563bf	3	35	29	6	2	0	0	4
30f24bb2df2	3	6	3	3	1	0	0	4
0da96cca594	7	2	1	1	1	0	0	1
a98d0717e8f	20	8	0	8	1	0	0	5
bf8f4aa9661	21	8	6	2	1	0	0	3
57fa247f53b	21	13	5	8	1	0	0	4
3ec030535c5	23	11	5	6	1	0	0	10
448e0f43940	5	6	5	1	3	0	0	2
6b50a9f5f4a	5	4	3	1	1	0	0	3
9de5043b506	1	27	22	5	1	0	0	7
519dc2c114c	5	70	53	17	2	0	0	7
56ab929c55f	9	30	12	18	2	0	0	5
a48a0755358	18	23	17	6	2	0	0	7
a0702b54d1d	18	7768	5940	1828	132	10	2	4
dafd6d91374	21	4	3	1	1	0	0	10
43bc1d7ec89	1	76	32	44	1	0	0	3
8cd07bb273c	1	170	124	46	1	0	0	4
778fb859c64	2	260	132	128	24	0	0	5
e9257b859d6	2	245	231	14	8	0	0	6
67e352e4b1a	3	6	3	3	1	0	0	6
eb155ea6f6a	9	149	137	12	3	1	0	4
485ce139fd6	12	4	2	2	1	0	0	4
5ceefec8206	12	2	2	0	1	0	0	6
c6712ced203	17	3	2	1	1	0	0	4
f11e7304442	22	4	2	2	1	0	0	3
909a5b39d20	22	22	19	3	2	0	0	5
bd094103d79	1	15	15	0	1	1	0	6
daeb5c9e8f4	2	2	1	1	1	0	0	3
ad7c2a8938b	2	2	1	1	1	0	0	5
0474ce67908	20	22	3	19	2	0	0	14
77ae87d3673	18	3	2	1	1	0	0	6
60ad3aa917a	22	126	63	63	2	1	1	5
c365f560612	0	96	90	6	3	1	0	7
550f73ae3e3	16	12191	8346	3845	197	27	11	4
470ebe249f5	20	253	150	103	16	0	0	4
e0e52f930e0	20	6	0	6	1	0	0	5
89bfa419a50	21	21	13	8	1	0	0	9
19b4c27ebf6	2	16	15	1	1	0	0	4
7f78e5857fb	2	136	68	68	2	1	1	4
7e4f7550738	19	2	1	1	0	0	0	6
15a6aa75009	5	135	135	0	2	2	0	4
9b0c7618c54	8	10	8	2	1	0	0	9
aac5cbe0252	18	62	57	5	3	1	0	9
26e580bbc43	19	4	2	2	1	0	0	9
ebfc90b5059	19	72	0	72	1	0	1	7
1fce3f0ef8d	22	1	1	0	1	1	0	6
c72ae27be12	0	2	1	1	1	0	0	4
c2a62951f64	1	39	36	3	4	1	0	9
e8aef84191b	2	45	38	7	2	0	0	4
e5a472229bb	3	4	2	2	1	0	0	4
4ed66880106	4	322	322	0	1	0	0	6
df215a67d4e	21	5	5	0	1	0	0	3
47f5fd01e1f	21	13	13	0	1	0	0	5
ab144f4843c	12	2	2	0	1	0	0	3
0248c87ec7c	20	11	6	5	1	0	0	5
340291c085f	0	1	1	0	1	0	0	7
45adc907c9b	0	16	8	8	3	0	0	3
b309192ffdb	1	6	1	5	1	0	0	7
5287703cce5	19	1	1	0	1	0	0	7
e33e7d1a371	21	10796	6699	4097	122	12	5	4
1f50d711b25	23	36	35	1	2	1	0	5
a2f498a5ef6	23	1	0	1	1	0	0	16
839fb8e19b7	0	24	12	12	9	0	0	1
360885a7e9b	1	2	2	0	1	0	0	2
ea9f5b110a2	1	59	55	4	2	1	0	9
f918e57f8ba	0	20	13	7	0	0	0	5
a14bb04c050	19	2	1	1	1	0	0	9
6442cbef205	19	2877	1956	921	64	3	0	4
5f95d9a75de	20	1	0	1	0	0	0	4
4ab5476e892	17	33	18	15	1	0	0	7
14475c77a61	5	9911	7651	2260	91	6	0	4
ca8be39b9ee	5	126	63	63	2	1	1	6
fbe36a7ca96	6	6	2	4	2	0	0	14
39280e1b573	5	56	49	7	2	0	0	4
81d3de7e6db	21	7	7	0	2	0	0	4
161f7aacf7c	17	2	1	1	1	0	0	5
62f06fb8854	18	6	5	1	1	0	0	6
e14aa645912	20	117	98	19	1	0	0	6
9a8e843ca3a	21	12	12	0	1	0	0	5
97853e07dee	1	6	1	5	1	0	0	7
6802c90d1fb	3	17	5	12	1	0	0	5
12c02b378db	3	6	1	5	1	0	0	5
2e40328c823	18	266	133	133	20	0	0	4
2a05fe784d1	19	74	30	44	1	0	0	11
36e75b7351c	21	93	91	2	3	2	0	6
55048cdf79f	8	8178	8114	64	383	0	0	3
3c0dd8196ae	0	44	33	11	2	1	1	3
ab190d38b77	1	2	1	1	1	0	0	2
61fdfcb1379	2	41	21	20	1	0	0	4
566c67b7582	2	4	2	2	1	0	0	5
59f7232a302	17	116	38	78	1	0	0	5
4a9f2de9568	17	23	21	2	1	0	0	7
6111c17a0e3	18	2	1	1	1	0	0	3
19e53512b83	23	152	150	2	12	0	0	1
b368a3b438c	19	3	0	3	1	0	0	5
c02db3229e8	20	5	5	0	1	0	0	4
f10150bc6a1	20	2	1	1	1	0	0	5
af923154e23	16	7	3	4	3	0	0	6
975d0202860	17	2	1	1	0	0	0	7
66570c19642	17	137	136	1	2	1	0	23
aeed966fe05	18	7	4	3	1	0	0	6
53dc74e12f8	21	123	74	49	8	0	0	4
c095ce1a1b4	21	41	34	7	2	0	0	4
4ae5e085ff8	22	4	2	2	1	0	0	4
c8f5bf88e1f	22	4	2	2	1	0	0	5
99068639d93	3	2	2	0	1	0	0	5
4198de280f7	1	6	6	0	1	0	0	4
7e28630f5ea	21	34	16	18	1	0	0	13
d7a86ff05ec	21	9	9	0	2	1	0	9
24f9bf4180d	18	2	1	1	1	0	0	2
391f0879815	19	2	1	1	1	0	0	12
f63120be78a	20	5	5	0	1	0	0	3
8b33a1d8e41	20	1	1	0	1	0	0	11
4cc0a0878fb	20	6	3	3	1	0	0	4
69c3e1961b6	22	3	2	1	1	0	0	4
0fb44a2f93e	2	2	2	0	2	1	0	3
c8ee19a618c	19	283	235	48	13	2	0	4
77044ed5fa7	8	4	3	1	0	0	0	5
25122b986a9	23	35	28	7	2	0	0	4
73ebea7a4d7	9	4	2	2	1	0	0	4
978a50c500b	22	1	0	1	1	0	0	3
2f2c9d47fd1	22	2	0	2	1	0	0	6
e9a1dd7930c	22	2	1	1	1	0	0	11
98b56636c02	0	44	22	22	1	0	0	13
c0b461d9a18	0	2	1	1	1	0	0	7
1768c721350	16	13	13	0	1	0	0	5
038306a6c36	17	62	62	0	2	0	0	4
75db1995b65	17	21	12	9	4	0	0	7
6394ba28c82	17	20	20	0	1	0	0	8
ed74db01f35	22	12	7	5	2	0	0	4
6631983dd1a	17	144	138	6	11	0	0	4
5c35dff4192	1	83	54	29	2	0	0	8
4877279efa9	16	7	7	0	1	0	0	6
362785f704b	2	15	12	3	1	0	0	20
f2dd8dd2b96	19	2	1	1	1	0	0	4
a7254f3df93	19	15	3	12	1	0	0	8
787a343b588	1	33	26	7	2	0	0	4
61d0b5af87c	2	4	2	2	1	0	0	5
ffb3ee6084f	5	2	0	2	1	0	0	6
dcc2dd5e1fa	8	18	18	0	1	0	0	5
9ccf0e527f0	22	48	46	2	3	1	0	6
0b1920b2020	23	1010	588	422	19	1	0	5
d2298d225ca	23	56	55	1	2	0	0	10
0f47f63746d	0	2	1	1	1	0	0	9
9b3b37e498d	22	4	4	0	1	0	0	5
af96447016a	8	4	2	2	1	0	0	8
296ff04cdc9	19	153	153	0	2	2	0	4
2f984515619	0	174	13	161	3	0	0	24
050bbf0bc48	1	2	1	1	1	0	0	5
bb621f7c2eb	20	24	18	6	1	0	0	32
58002d56bc7	4	45	39	6	2	0	0	3
61100788ada	5	4	2	2	1	0	0	4
8417870f513	7	6	5	1	1	0	0	9
ed316ae3508	22	5	5	0	1	0	0	7
b4ff36a41b2	6	43	43	0	4	0	0	5
da9b3340ebb	7	60	60	0	1	1	0	3
cbdd92e1840	20	9	4	5	1	0	0	5
d3d35ec3ca6	23	58	58	0	4	1	0	5
3ce5e6fe5e6	23	12	6	6	1	0	0	7
c8e447ee63d	23	16	15	1	2	1	0	8
c85455a9544	0	32	26	6	2	0	0	4
1f470b68d6b	0	4	2	2	1	0	0	4
621b024b6ed	0	2	1	1	1	0	0	12
0325a21ff32	2	2	1	1	0	0	0	2
8a03cf7a7ba	15	2	1	1	1	0	0	4
eb57d1b9b19	18	16	11	5	4	0	0	4
75a0cf970fb	19	33	25	8	4	0	0	29
c409aab3978	4	5	2	3	0	0	0	7
ad487d32269	22	4	4	0	1	0	0	7
fc8afd45c71	23	5	4	1	1	0	0	4
00aee736922	20	10	10	0	1	0	0	4
c33790262b0	21	8	8	0	1	0	0	9
55bff5bab90	23	183	86	97	1	0	0	3
5ab3ea3955d	23	2	1	1	1	0	0	8
110f06578da	19	9	4	5	1	0	0	12
11beac70e22	17	16	14	2	1	0	0	4
9e26dab150e	7	246	238	8	9	4	0	5
7ea70943146	19	15	11	4	1	0	0	3
337c48db5fe	20	16	8	8	5	0	0	4
9a3dd754be6	20	4	4	0	2	1	0	5
efca334be2b	2	83774	64026	19748	93	78	33	5
17c88db1580	13	20	10	10	1	0	0	4
a46c63bae77	14	14	7	7	1	0	0	4
91bd144d2ca	14	16	8	8	1	0	0	4
e83c6959db3	2	15	12	3	1	0	0	20
103a450d3a6	22	16	15	1	2	0	0	19
0271b785a19	17	2	1	1	1	0	0	6
63c0d71213d	20	11	9	2	2	0	0	4
85934bcf2a4	21	7	0	7	1	0	0	8
4b60e87afec	17	1406	528	878	24	0	5	4
5e409c2f1aa	19	9	9	0	2	0	0	9
6461af1baa4	19	4	3	1	1	0	0	3
73ea01cd646	0	1406	878	528	24	5	0	12
9c7f89bf56a	17	25	22	3	2	0	0	5
70dd6d4ea36	22	6	5	1	1	0	0	13
cee4ce39a94	2	12	9	3	4	0	0	4
7dd22c26e43	2	52	46	6	2	0	0	3
823604a4e0a	7	4	2	2	1	0	0	4
2c79f136343	20	2402	1515	887	33	7	5	4
d3426789d2d	22	16	9	7	2	0	0	4
207901e7de1	22	23	13	10	1	0	0	13
a72284e2642	0	1324	662	662	1	0	0	4
8f065475482	20	2	1	1	0	0	0	6
9d1bad8960e	17	282	282	0	3	2	0	6
4d22405f0f8	20	112	69	43	3	1	0	6
650a308634e	20	78	41	37	3	0	0	6
b96ae6674d6	6	6	6	0	1	0	0	2
0cb4484d433	11	11	6	5	3	0	0	8
4956e3c0a25	12	300	238	62	4	0	0	4
1d7a46a5888	12	10	3	7	1	0	0	10
7a5977b5d61	16	3098	1971	1127	33	3	0	4
623f513071a	13	638	326	312	25	0	0	2
062759194b6	13	165	165	0	3	2	0	4
effeeb5cf20	16	104	97	7	1	0	0	2
1ba2c321352	6	7	6	1	1	0	0	5
55636e55261	10	49	6	43	1	0	0	4
1261b171295	11	18	12	6	2	0	0	8
5fd9adccdbe	11	3	0	3	1	0	0	5
86214c9f164	16	191	191	0	3	1	0	5
dafe32d3bf3	11	115	111	4	2	0	0	3
dae73dbd282	13	50	26	24	2	0	0	5
ddc989333dc	13	93	90	3	3	1	0	3
97296e405c9	13	22	22	0	2	0	0	3
ea8969787cc	14	21	14	7	1	0	0	7
9696c27c457	14	57	54	3	2	0	0	3
8bf5b8d3522	19	325	325	0	1	1	0	7
312ed83827d	11	39	26	13	1	0	0	4
710f8e2acc6	11	2448	1241	1207	5	1	1	8
52b517c6ab9	12	103	0	103	5	0	1	20
e697cfb6fc0	12	59	55	4	1	0	0	5
dc0556c8cde	15	85	71	14	1	0	0	4
f6ce86af047	16	4	4	0	1	0	0	5
95b409c578f	17	105926	82080	23846	268	166	112	12
feb26d6c742	10	2	1	1	1	0	0	7
d627083ed50	10	1	1	0	1	0	0	6
d0a9e64245d	12	7	3	4	1	0	0	6
02699a3a8e9	13	4	2	2	2	0	0	9
f657d58fe1b	12	74337	6434	67903	130	19	86	4
8cb5338f35c	11	3	2	1	1	0	0	2
09b8a5e2cfb	0	2	0	2	0	0	0	5
61553ccdda8	10	418	307	111	24	4	2	4
de44eafd785	11	48	41	7	2	0	0	3
e286480e349	12	4	2	2	1	0	0	4
263e33a738e	13	271	271	0	3	2	0	11
d005cc5cc9e	13	683	457	226	4	2	1	7
20996dbc2b5	13	132	4	128	3	0	1	34
6afdca885ad	15	3	3	0	1	0	0	7
33af2720f26	15	236682	127048	109634	753	137	95	4
be1b55289fd	16	16	10	6	1	0	0	5
1cb7b67ac3e	17	772	592	180	18	2	0	4
e38ae476ef2	21	5	5	0	1	0	0	4
412e413edc3	16	16639	352	16287	43	0	17	2
17ac0316d06	16	16410	16410	0	19	21	0	3
70a8927a936	17	22	18	4	4	0	0	8
f78f654131a	22	18	9	9	1	0	0	14
efca5456b8d	22	61	50	11	2	1	0	19
5a2155dc711	2	9	5	4	1	0	0	6
69d20f53526	7	57	49	8	2	0	0	5
44d30f2d65c	17	8	7	1	1	0	0	10
6d8b43c366f	18	6	1	5	2	0	0	6
38f3bf66108	18	32	32	0	1	0	0	9
24a671a8aa9	22	2	1	1	1	0	0	7
d964b4c5aaf	17	4	2	2	1	0	0	7
e8542b62203	17	40	32	8	1	0	0	4
ede1acc1ed6	17	13	12	1	2	0	0	12
9c771691122	18	8	5	3	1	0	0	5
6054dcc1302	18	8495	4595	3900	117	8	0	4
c0d3f1f4858	19	4	2	2	2	0	0	5
149562555c9	21	239086	109112	129974	763	95	145	29
64a06c5ffd9	22	171	5	166	5	0	3	10
8b2f5af2a0c	23	2	1	1	1	0	0	10
d1eba2b18b5	23	26	10	16	1	0	0	10
111305c1bdc	1	23	22	1	1	0	0	11
ae7ed8482ea	0	69	66	3	2	0	0	3
2dfed9f69aa	5	4	2	2	1	0	0	5
08a334fa45e	19	228	206	22	12	0	0	4
073fbea0f57	23	83	81	2	4	2	0	3
a2f2aa97ad7	15	96501	131	96370	168	0	158	4
8a9fdedc9e8	18	96280	96280	0	142	158	0	4
6b78b6bf72c	18	9	8	1	0	0	0	26
132ae752faf	20	13	8	5	0	0	0	10
395b670e580	21	1	1	0	0	0	0	5
15286c83615	17	7	7	0	0	0	0	4
0df2f74d364	21	20	19	1	1	0	0	17
e5564a3f29e	23	242643	132220	110423	774	150	94	4
91f1b250ecb	0	11	8	3	1	0	0	3
b1c90a4e22d	15	213	169	44	22	16	0	2
360f4b78dd7	15	4	2	2	1	0	0	3
6bcd96c253a	19	0	0	0	1	0	0	2
7a782164b9b	21	5458	3143	2315	47	2	2	4
6d8b082eedc	21	2	1	1	1	0	0	11
b5e7b7870a1	22	2	1	1	1	0	0	16
ab0d88142ec	22	4	2	2	1	0	0	11
f8bfa54d0fa	22	61	43	18	4	0	0	3
306af253257	23	4	2	2	1	0	0	4
48f65b3d57f	17	84	1	83	10	0	0	2
f5a7de1ea7c	18	11	6	5	1	0	0	3
130be31cfff	18	1197	556	641	17	0	0	9
f4154d29405	20	310	157	153	0	0	0	9
ef1be160d66	0	8015	3709	4306	158	8	1	4
404a4db6111	9	2	2	0	0	0	0	6
1ae148909a2	9	785	458	327	4	3	0	4
cc0f608c7c2	10	233	233	0	2	1	0	2
0c7bf8132ee	11	244	149	95	6	2	0	4
61cda1e34ec	11	4	3	1	1	0	0	4
bd2d90feff0	11	9	2	7	1	0	0	7
85404c5c558	20	83	20	63	4	0	0	6
2e16ae703ee	23	1086	776	310	7	0	0	4
0a3fc1d9c8b	8	44	32	12	3	0	0	6
4ef8f06fe62	8	163	10	153	9	0	2	3
061ce7b0ac3	9	6	6	0	1	0	0	3
6050af4fd7c	9	7	4	3	4	0	0	5
62f7c7961da	9	3324	115	3209	14	0	1	4
87d974bb8f4	9	3699	3699	0	14	14	0	2
e3c1cf3b5be	17	16	0	16	1	0	0	5
58655da3aa9	23	8	3	5	1	0	0	14
1b8dd65d6e3	17	103	65	38	4	0	0	4
effc4469d00	7	4	2	2	1	0	0	4
0599cb7afa7	18	2	1	1	1	0	0	6
133036fdadb	2	425	289	136	16	1	0	4
a0198d065d7	20	1	1	0	0	0	0	4
a6a3bf6d470	21	2	1	1	1	0	0	6
20ced0ea1e8	22	12	12	0	0	0	0	5
f319e126218	5	5151	4229	922	107	2	0	4
8eb1edc8ea4	8	12	7	5	1	0	0	3
daead5f5bb6	9	7	4	3	1	0	0	3
08ffce1a00d	10	51	41	10	3	0	0	4
82905fa3aa7	18	4	2	2	1	0	0	4
1ca5b6cd055	21	17	0	17	1	0	1	3
497fe79f975	23	80	47	33	1	0	0	5
bca6e35b2b5	0	16	8	8	1	0	0	11
ea9ee1fb7e3	2	96	95	1	3	1	0	6
8527f00c3c2	2	17	6	11	3	0	0	5
799c7bdcb6e	3	40	28	12	1	0	0	4
9dd979228d7	22	305	260	45	9	0	0	4
f01b2410575	22	598	455	143	5	3	0	4
7772f21b60e	22	715	370	345	6	1	1	4
4ac633bf216	23	154	154	0	1	1	0	4
19a62589b20	23	155	138	17	3	0	0	5
ef767a152b1	23	5	4	1	1	0	0	3
624dd38d898	0	13	11	2	2	0	0	3
baa6a925c2f	1	1174	1157	17	17	1	0	4
f0f941a59e4	1	4	4	0	0	0	0	7
b30ad11b59e	17	45	42	3	2	0	0	4
9166f852858	17	5	0	5	1	0	0	3
c48b2a98d82	18	44	30	14	1	0	0	3
1710bea3554	21	4	4	0	1	0	0	7
76fd364dfee	21	165	85	80	3	0	0	4
e3ac47771c3	22	5	4	1	1	0	0	5
ced0b141856	23	2	1	1	0	0	0	4
99c15e5661a	23	4	4	0	1	0	0	6
bceab40b02f	0	86	71	15	2	0	0	4
a44748b3d7a	0	2	1	1	1	0	0	3
2908f323e1c	0	22	19	3	2	0	0	3
89b14fc0ff4	3	274	185	89	8	0	0	4
3ce671284b6	5	893	0	893	1	0	1	2
8ace421bfda	5	2	1	1	1	0	0	4
21964fa779a	7	184	3	181	3	0	0	4
4585330afef	5	59	50	9	3	0	0	4
158bfab9220	8	4	2	2	1	0	0	4
eeece4f5eab	19	6483	4385	2098	101	9	2	4
c3ccbea5cde	9	908	608	300	6	1	0	4
4f3c8b39721	0	498	150	348	3	1	1	1
81a999c954b	0	1419	245	1174	13	3	11	5
518430db3a8	2	10	8	2	3	0	0	1
bea4827de0d	6	29	28	1	2	0	0	4
f55f478523a	19	607	607	0	5	6	0	3
a979ab9d997	23	89	75	14	5	1	0	8
43d7cfca183	0	423	217	206	4	1	1	4
51ffed1cd0d	0	34	23	11	2	0	0	5
f038252ba55	0	38	33	5	1	1	0	4
4eeeb756bcd	0	491	246	245	3	2	2	3
7a38b633583	0	2	1	1	0	0	0	4
466cbfef1b3	20	431	215	216	3	1	1	4
bef9f56cacf	22	19013	18767	246	32	35	2	8
bd270b48a79	22	47314	0	47314	180	0	182	2
88afc406caa	10	3220	2544	676	20	4	1	4
610436f242c	10	3	0	3	1	0	0	3
3ebbf6ebf78	10	3	1	2	1	0	0	3
5aa75ebe71d	2	36407	35854	553	185	191	3	8
cafe446f42c	8	308	305	3	0	0	0	5
b031429dc37	21	2	2	0	1	1	0	2
13d685bdab3	21	2	2	0	0	0	0	8
f57d70d3c9a	15	105	89	16	1	0	0	4
f03ea7045c5	17	2	1	1	1	0	0	6
db1bf679d80	19	582	283	299	3	1	1	7
d53fccbce57	19	12	10	2	0	0	0	3
03b5831f90a	21	603	486	117	0	2	0	17
09f2d386dfd	21	357	328	29	4	2	0	4
c110fbcc991	21	47322	47322	0	180	182	0	6
71435ede815	22	201	99	102	0	0	1	3
587f6c31175	23	2	1	1	1	0	0	2
f145e35a939	0	4	2	2	1	0	0	11
2126989a32f	0	30	9	21	3	0	0	23
ab0b1f9f13e	0	4	2	2	1	0	0	2
7332c4022f9	0	12	12	0	1	0	0	5
2689d262ec4	2	10	7	3	2	0	0	5
9e5cd012e2e	17	201	102	99	0	1	0	7
cbecd881992	19	504	504	0	3	3	0	5
bf6b5299b49	19	266	56	210	5	0	1	4
acc120a37b8	20	25	20	5	2	0	0	3
0696e78d643	21	47	29	18	2	0	0	22
03a119eb70e	23	8	3	5	1	0	0	5
665a4e4a1d6	23	2	1	1	1	0	0	2
3b0f2cecffb	0	27	21	6	3	0	0	6
501b0b91be8	0	3	3	0	0	0	0	5
b3bc009a89d	0	99	51	48	2	1	1	24
3ce4adf3c6b	1	1	0	1	1	0	0	3
4983bd348df	18	21	14	7	3	0	0	8
35d0df919a5	18	5	5	0	1	0	0	11
4f03f1beadc	20	2	2	0	1	0	0	3
c171a0851a1	20	1	1	0	0	0	0	4
72c412767d6	21	9	9	0	1	0	0	5
46b0654347e	21	926	566	360	15	3	3	4
e6b06bc6c53	0	37	35	2	2	0	0	18
3d4ae3ab4df	17	8	5	3	1	0	0	5
3a219de5867	23	4	3	1	1	0	0	7
2c11718d79b	23	15	15	0	1	0	0	6
fb7faefbf53	23	31	25	6	3	0	0	4
89bed195134	6	6096	3993	2103	99	14	1	4
6c614fe585d	8	283	267	16	11	3	0	4
cfba1f59224	7	43	34	9	3	0	0	4
5b58473b406	9	4	2	2	1	0	0	4
25a5e902899	20	344	172	172	2	0	0	16
66f77963a36	20	2002	1453	549	16	13	0	4
721f26520d7	22	12	4	8	1	0	0	8
b433c42a566	0	7	7	0	2	0	0	3
e57ed540e63	1	3	2	1	1	0	0	4
72246d97a24	1	5	3	2	1	0	0	6
dcd911e24b3	1	4	2	2	1	0	0	4
100fc27ebb0	19	491	393	98	6	3	0	4
12798c620d6	20	50	21	29	1	0	0	6
6326b04b071	20	5	5	0	1	0	0	6
6b98a639746	20	98	86	12	12	1	0	4
c1ae6ea2f2a	20	119	119	0	4	2	0	2
ae0dd0d89ce	21	1	0	1	1	0	0	4
9cd510846ee	20	1	0	1	1	0	0	6
a745d19ce7d	1	60	46	14	3	0	0	4
dc578724b15	1	4	2	2	1	0	0	4
05e6f318c6e	23	4790	3262	1528	128	8	0	4
f5db3f1f859	19	14	14	0	2	1	0	6
ce9caa237fe	19	15	15	0	2	1	0	9
e80cac62256	21	458612	458598	14	1422	1577	0	4
2e5a8e071e5	18	9	4	5	0	0	0	5
b8d40be6112	21	1977	1238	739	28	4	1	4
cf2e68d9607	22	5	4	1	1	0	0	4
c2ae39b8d60	0	1	1	0	1	0	0	4
80dd8182907	0	1055	963	92	10	4	0	4
c4454d2efc1	2	7	6	1	1	0	0	6
e3413f08fdc	9	15	13	2	1	0	0	10
85f7b78e9be	19	3	0	3	1	0	0	7
879eb162806	20	120	60	60	5	0	0	7
a7300c82976	21	85	42	43	3	0	0	7
ea156359e94	21	2	1	1	1	0	0	5
827b9c5f1fa	21	2	1	1	1	0	0	5
42529ddfb50	22	13	7	6	0	0	0	14
b15ab5de51e	22	1849	870	979	34	2	0	4
4fa13152af9	2	15	13	2	1	0	0	6
4e1d6fca8e6	6	343	341	2	113	0	0	7
06428d853cd	5	224	27	197	1	0	0	22
2876141c429	20	9	9	0	1	0	0	6
52a40e0fd5f	21	10	9	1	2	0	0	4
f9dae9e8d6e	22	3	2	1	1	0	0	6
06f750c4669	23	5	3	2	2	0	0	3
48918f55037	23	17	14	3	1	0	0	9
90da5339c18	0	750	14	736	4	0	3	4
16b3f2c3ff3	22	18	17	1	1	0	0	3
8af0abde3fa	17	2	1	1	0	0	0	8
028908ab7cc	20	1137	733	404	39	2	0	4
7d38a3b81c8	20	2	1	1	1	0	0	8
ff7f7ae386a	21	14	3	11	1	0	0	8
59fa16f648a	22	2012	1958	54	19	6	1	5
da00ff4999b	22	4679	2642	2037	71	3	1	4
1088638725a	7	36096	490	35606	180	0	190	4
2823ab47dc4	8	43	43	0	1	0	0	4
b68c6bac96a	9	2	1	1	1	0	0	3
d8f7a8655f7	16	8	3	5	2	0	0	3
21cc4c4985f	8	153827	77146	76681	194	69	69	9
c91ec225e60	22	6290	3281	3009	15	9	1	4
84cf0c52802	23	2	1	1	1	0	0	9
3efcbadf6b6	21	182	135	47	6	0	0	5
2b0a7d63a8c	0	365	156	209	3	0	0	4
197628846dd	19	3	3	0	2	0	0	6
17021ea631d	23	690	621	69	12	0	0	4
01bf209a3d8	0	19	17	2	2	0	0	7
7272dbdbc60	1	153	141	12	4	0	0	4
f5e486ebabc	1	17	11	6	2	0	0	2
39ea27470c2	2	43	27	16	2	0	0	6
fcfec075e32	2	10	5	5	1	0	0	8
ece5c645042	7	146	68	78	3	0	0	4
061811f3284	21	1	1	0	1	0	0	4
0bca54444a5	2	8300	5391	2909	211	13	0	4
ee2c12d48e5	8	674	442	232	7	0	0	4
26834b05240	20	96	22	74	3	0	1	11
b6e0433755e	21	3137	2090	1047	19	5	0	4
03c2f62020e	23	6821	4003	2818	57	7	2	4
8821eb24c24	3	2	1	1	1	0	0	2
0f211048a08	1	106	57	49	9	0	0	4
51f2e8439e4	21	234	233	1	10	3	0	4
caaa59c559f	21	42	30	12	3	0	0	7
0aad61e8020	0	32	26	6	4	0	0	22
0928f0f290c	1	99	63	36	2	0	0	24
8c872508166	1	13	1	12	2	0	0	16
cb6b9eb19e6	2	23	19	4	2	0	0	3
69c35f990fd	3	5	5	0	1	0	0	5
70a5659a46e	3	10	8	2	1	0	0	3
0e0fbf7e6a7	15	275	212	63	7	1	0	4
70966002c05	19	7	4	3	1	0	0	5
a6ef3eb2718	20	197	113	84	6	0	0	11
1b15af9dd2b	16	6552	4335	2217	200	6	1	4
763059ee093	20	8	0	8	0	0	0	9
5cb1fd2e323	20	5	5	0	2	0	0	6
b2811710303	20	12	12	0	2	0	0	4
6312e889b1c	21	13	12	1	1	0	0	6
2d0b1ed7ad3	22	111	88	23	12	1	0	10
771ba34ca7b	23	49	36	13	3	0	0	4
cfe0f4226bb	0	4	2	2	1	0	0	4
b31d5ac639a	0	2	1	1	0	0	0	5
d750927b360	23	178	176	2	5	1	0	4
cde81a6675c	0	64	0	64	1	0	1	17
558241166c4	22	76	64	12	3	0	0	4
8d37b6c92b6	2	1057	1050	7	23	3	0	2
94bedc60f4e	18	197	124	73	11	1	1	4
040cf027242	19	46	46	0	1	1	0	9
fa2eaeafdae	6	2	1	1	1	0	0	5
0f8f8630433	19	29	26	3	2	0	0	6
f5bdce9cc0a	19	550	275	275	6	3	3	4
74b6426ec65	22	497	463	34	5	2	1	9
1de156abb10	5	134	91	43	2	0	0	2
e1dc6e6d73e	2	38	17	21	3	0	0	2
2e389c65310	16	12	5	7	2	0	0	6
41d811f41fb	20	9	5	4	1	0	0	2
7e62bc9828a	22	71	30	41	6	0	0	7
416c14f644f	22	3	0	3	1	0	0	8
dea49e3d190	0	76	70	6	2	1	0	21
005448bdeb5	16	1	0	1	0	0	0	9
84641fcdf0b	18	4	3	1	0	0	0	5
49806864e48	16	56	56	0	1	1	0	19
007ddcd2cd2	16	112	56	56	2	1	1	7
d1e6a131795	18	13260	12526	734	91	5	0	4
4e43afd9737	20	4	2	2	1	0	0	7
7cc17a0cea1	20	41	32	9	3	0	0	4
8f23fd545d1	23	4	2	2	1	0	0	4
f30cba2ba4e	0	2	2	0	2	0	0	6
627f379f227	23	1031	799	232	31	5	1	4
311fe737e8c	19	2368	1675	693	38	4	2	7
c344fbc2852	21	33	33	0	1	0	0	4
f018be3b5f6	22	3	3	0	1	0	0	6
471c5701c30	19	626	372	254	6	1	0	3
f6d889523dd	5	48	24	24	2	1	1	3
08c12de8e20	7	59	44	15	3	0	0	4
26c5905a995	7	124	120	4	2	0	0	3
d2ab314e089	8	3	3	0	1	0	0	6
b413c77583e	8	26	16	10	3	0	0	7
899358e7970	9	61	55	6	6	2	0	8
29ec8504784	23	43	20	23	1	0	0	5
26c08a3f35f	20	151	105	46	4	0	0	6
a23d8ad3132	22	113	74	39	9	0	0	5
12486a6437c	23	140	68	72	4	0	0	14
0fec2136561	18	47	23	24	3	0	0	6
56e6952e639	18	45180	29624	15556	277	29	0	4
7cf787a2d14	20	48	35	13	8	0	0	39
e6092f337cd	20	1	1	0	1	0	0	4
2c25507b81a	20	136	73	63	3	0	0	38
982b19dbd79	21	59	2	57	2	0	1	6
ca4a0fce658	21	34	0	34	2	0	2	2
8c738fa90c1	21	3	2	1	1	0	0	11
75cfc77527e	0	8	2	6	2	0	0	4
3b1d656da56	0	45106	15519	29587	277	0	29	19
07703fa78e9	1	141	15	126	1	0	0	10
3bd9b08fb12	21	47	38	9	3	0	0	4
24dabec039a	1	4	2	2	1	0	0	4
6a371834d8b	16	732	0	732	14	0	14	46
a29421bcfd6	17	97	0	97	1	0	1	4
4f4f6dfce85	17	33	0	33	0	0	1	4
b280a2d44d8	17	88	0	88	1	0	1	5
728b04067df	17	143	71	72	3	0	0	5
53c163cd5b2	18	249	126	123	3	1	1	2
d2b8037ed0a	19	298	149	149	2	1	1	2
be0bb2dc136	20	5612	1035	4577	14	2	8	3
96e423a6652	20	2031	475	1556	9	1	4	2
58e892dadd4	20	1659	237	1422	9	1	4	2
71cce3f45bc	20	953	319	634	5	1	2	2
cdf5d91fe56	20	1395	413	982	11	1	4	2
4f59041990b	21	5	4	1	2	0	0	3
c8dbaf579c0	21	35	1	34	2	0	0	4
9631e29933c	21	183	39	144	3	0	1	5
0e2bbac4e0e	21	13	5	8	1	0	0	2
83fce757009	21	1096	0	1096	4	0	3	11
7085a04a1e0	22	12	0	12	1	0	0	2
e0b59e7dbcd	22	11	0	11	1	0	0	4
2b469590750	5	46	46	0	2	2	0	3
87339a22b1c	9	285	260	25	4	1	0	3
b8966872b36	19	203	199	4	5	2	0	4
16e1d5b5ceb	19	23	0	23	1	0	0	7
25ff1813005	19	90	42	48	1	0	0	23
08cb8fce673	21	1	0	1	1	0	0	4
de7fb338798	21	24	24	0	2	1	0	6
73b4b86d29a	21	1	1	0	1	0	0	4
651b8a06d6d	23	4	1	3	2	0	0	2
7b4370e5f8d	23	6	2	4	2	0	0	2
e911171e03f	23	418	209	209	4	2	2	6
3a349726720	0	16	11	5	2	0	0	4
33b5f2f7799	0	49700	32488	17212	301	30	0	4
d77ce4b9989	23	47	6	41	4	0	0	10
5783a52a9c6	21	35	11	24	12	0	0	6
dbfc8198a68	21	513	342	171	10	0	0	4
6cc0c9e6a9a	22	4	1	3	1	0	0	15
d9bc8455cbd	23	14	9	5	1	0	0	8
9d27faa2c41	18	225	171	54	7	3	0	15
67b235735e8	23	364	8	356	2	0	1	4
88af0c86357	23	18	0	18	1	0	0	2
6cc42927d83	23	132	80	52	11	0	0	6
be2320d408d	22	138	130	8	2	0	0	4
fb3cccc2578	0	4	4	0	3	0	0	4
c83dda89a4b	0	93	48	45	3	0	0	3
fafb5848819	17	3	1	2	1	0	0	5
de09168e5a3	20	4	3	1	1	0	0	14
9b2335a3560	20	293	228	65	16	0	0	4
efa95c27181	21	12	6	6	1	0	0	4
d5a21a29f84	22	6	3	3	2	0	0	11
220e61c1f65	0	71	63	8	3	0	0	4
9b808c2d1bf	2	4	2	2	1	0	0	4
239b3d62dee	18	56	6	50	3	0	0	7
b3ddb895d2e	18	15	11	4	2	0	0	7
194511ff1a0	19	33	27	6	1	0	0	8
c5d54010bc9	20	72	50	22	4	0	0	26
92f5a5d3caf	7	21330	14123	7207	226	16	4	4
60818b957c1	17	315	315	0	15	0	0	4
850609ea2d3	23	444	112	332	109	0	0	5
0e9c1ca6739	17	49718	17234	32484	302	1	30	4
2dd68af3348	17	3	1	2	0	0	0	5
4a8088a6033	19	68	68	0	2	1	0	6
a936768890d	20	75	73	2	3	0	0	12
cf78d04ae29	23	98	86	12	13	1	0	8
86528489ecb	22	163	95	68	4	0	0	3
d42006c80a9	22	23	1	22	2	0	0	4
1e3e6b7c15f	22	38	38	0	1	0	0	6
5c3954aa6fb	22	17	11	6	1	0	0	8
865b077819a	23	81	70	11	3	0	0	4
9e00b7d3d0a	8	4	2	2	1	0	0	4
a9366818a15	18	9	1	8	1	0	0	5
6a83df04b66	18	6	5	1	1	0	0	5
0ba8f05a423	18	52	44	8	4	1	0	4
409915e955e	19	188	180	8	8	1	0	6
2d13cdfd2ab	21	4	2	2	1	0	0	7
05727f6e3e3	0	42	31	11	6	0	0	4
2a462abf5fe	0	2	1	1	1	0	0	6
3ae644d48ca	0	1	1	0	1	0	0	4
da9bf0ee809	1	90	88	2	2	1	0	8
0fa3cf94a38	1	1	0	1	1	0	0	8
dc39ab3bbf2	2	108	33	75	7	3	1	3
74f39041d46	7	3	2	1	1	0	0	7
4e2343c6b56	17	2	1	1	1	0	0	6
895fa3a56bd	20	29	18	11	4	1	1	4
2af64316196	20	16	16	0	1	0	0	5
d214576d2b8	22	4	2	2	2	0	0	8
5bc1809b433	22	24	20	4	0	0	0	3
170f2addb2d	21	61	46	15	3	0	0	4
8082858ee7a	23	4	2	2	1	0	0	4
4b0241d5892	20	4	2	2	1	0	0	15
17a82e72f49	1	9	7	2	2	0	0	4
14b04b06b4a	3	48398	445	47953	180	0	184	48
44314ccf483	21	58	27	31	9	0	0	4
40cb398867b	21	4	2	2	1	0	0	3
b0030af1356	19	2	2	0	2	0	0	5
48d21dd5419	1	6	3	3	0	0	0	5
585936157c7	20	2	1	1	0	0	0	3
9d1bdbcf05c	3	47	15	32	2	0	1	4
b488be127a8	17	33135	33131	4	421	446	0	10
6035651fad8	18	6	3	3	1	0	0	5
2cd5adc28bc	20	16	15	1	1	0	0	5
38c49fbc4ad	20	4	2	2	1	0	0	4
3abebfea98b	20	104	81	23	6	0	1	4
e5cf3f9751c	0	17	14	3	4	0	0	8
055a933fa9e	2	10	9	1	1	0	0	7
b906e859966	3	3	3	0	3	2	0	6
46b6954acdf	1	1	1	0	1	0	0	7
1cf26e2bf1d	7	50	11	39	4	0	0	4
60e26668b3c	8	2	1	1	1	0	0	3
6cc94db653a	7	29	18	11	3	0	0	4
c50b0c9237e	8	4	2	2	1	0	0	5
1a89c8d061b	19	11	11	0	1	0	0	5
6f86b9cb70f	0	2	1	1	1	0	0	4
21d081fd7f8	0	105040	70254	34786	420	60	7	4
7547c7df1a1	1	74	35	39	1	0	0	7
e0a207c27a5	1	279	198	81	6	2	0	19
06d86ebe842	21	216	127	89	2	0	0	6
e53e9c72cb0	23	124	84	40	4	0	0	8
59055b227ad	0	76	41	35	3	0	0	5
e10fd321e44	2	81	48	33	7	0	0	8
cced79d4a84	23	45	27	18	4	0	0	8
3d3f29cf062	23	1021	0	1021	0	0	1	2
c5e51cead8b	23	4	2	2	2	0	0	5
429efdd974e	1	4	2	2	5	2	2	4
5bbb4cadc33	6	1005	732	273	18	13	0	2
e698dd38c39	17	12	8	4	2	0	0	2
95b034e484c	22	14	7	7	1	0	0	2
19a18add4ee	22	14	7	7	1	0	0	2
6e76fc28668	22	2	1	1	1	0	0	7
1c3883bef2e	19	1	1	0	1	0	0	5
b3a7de15b7f	23	8406	5914	2492	141	5	0	4
b04d4fff353	23	19	14	5	1	0	0	5
de3c16afae8	0	462	383	79	14	2	0	4
ae17e2d90af	2	20	17	3	0	0	0	6
ee7313266a0	20	2	1	1	0	0	0	8
de5ba2db256	21	1	0	1	0	0	0	5
01e4fe5fbcb	21	1009	863	146	11	8	0	4
67e12a0f84e	21	189	0	189	0	0	0	4
64de69c1a4d	22	2318	1214	1104	16	8	0	4
e61de70c96b	23	32	20	12	0	0	0	6
10d92b3dcd8	11	19	15	4	0	0	0	2
bb8f73419c2	23	13	8	5	0	0	0	9
926365c9f86	6	2	2	0	1	0	0	8
21e7292ea0e	21	2795	1677	1118	55	2	0	4
c65a91c96fe	21	1	1	0	1	0	0	5
b603578b536	2	4	4	0	1	0	0	19
6c5f1f58f3b	4	3	0	3	1	0	0	5
7edfb029844	6	3	0	3	1	0	0	10
18b92201be7	6	72	72	0	4	5	0	5
4eaf4ce26a0	18	404	296	108	23	1	0	4
73cf8e82e76	20	26	16	10	1	0	0	17
6029127ceae	20	4	2	2	2	0	0	4
60a9e1e40fd	20	496	400	96	15	4	0	4
6ac22bfb04c	22	5	5	0	1	1	0	6
624f70e88f4	22	19	9	10	1	0	0	13
d85c85aac1e	23	2	1	1	1	0	0	6
e4731f81681	23	9	4	5	3	0	0	4
48a9a2d3557	1	3	3	0	1	0	0	5
9caeceef6dd	6	35	30	5	4	0	0	7
39a492799dc	19	59	29	30	3	0	0	4
78a25696f1e	22	23	14	9	3	0	0	6
1a433b96377	22	49	45	4	3	0	0	5
2d8c1fe1ed7	7	6	3	3	1	0	0	6
41062e71a7f	18	189	107	82	4	1	0	16
a8506c41c6e	6	28	22	6	2	0	0	4
8c476371f59	7	31	21	10	1	0	0	7
87bb8482688	22	15	14	1	15	0	0	4
02f24f54ba4	21	81	81	0	3	3	0	5
9d792f3183b	21	175	93	82	15	0	0	21
533a4552745	22	221	130	91	6	0	0	7
036e59394a0	21	9	9	0	1	0	0	2
b3196991324	2	27	26	1	3	1	0	5
448c5e07ca5	22	26	10	16	1	0	0	17
b7c05e1b75e	22	357	270	87	27	1	0	4
828bf50a0ee	6	35	30	5	4	0	0	7
45bb10cc325	19	59	29	30	3	0	0	4
863f17f68c4	22	23	14	9	3	0	0	6
4f46ee44000	22	49	45	4	3	0	0	5
4d02e77f44f	7	6	3	3	1	0	0	6
268476549ee	18	189	107	82	4	1	0	16
a0f3eb015a9	6	28	22	6	2	0	0	4
2c560c5405c	7	31	21	10	1	0	0	7
f168f7d7028	22	15	14	1	15	0	0	4
40c98a977b2	21	81	81	0	3	3	0	5
20ba454ef9e	21	175	93	82	15	0	0	21
5fc0c27d5cc	22	221	130	91	6	0	0	7
649dbbbd833	21	9	9	0	1	0	0	2
4428b70cbaf	2	27	26	1	3	1	0	5
432a2e4d397	21	72	72	0	1	1	0	26
557fc396b4f	19	361	301	60	17	2	0	4
2cde4983199	1	12	10	2	1	0	0	7
f3da6c6c045	0	84	51	33	2	0	0	48
3452477dcb6	19	8	4	4	1	0	0	4
8bd80f49117	18	30	21	9	1	0	0	7
be67fa7e095	20	28	12	16	2	0	0	18
8e5674fb5cb	21	1139	867	272	45	0	0	4
bca88b2dc12	0	12	11	1	2	0	0	4
b28e700ebdf	20	37	1	36	1	0	0	7
e6a30bd1077	23	17	10	7	2	0	0	6
d4ee61ffc79	19	141	79	62	5	2	1	3
e1b829d2a50	20	19	18	1	2	1	0	3
290bc0c067a	20	4	2	2	5	2	2	7
1afd0b52fe9	22	82	34	48	2	1	1	7
60040a4f366	22	5040	3333	1707	175	2	0	4
7584225873c	23	527	376	151	17	0	0	4
317ba9fb645	2	17	10	7	0	0	0	3
716f5bc66bd	2	5	5	0	0	0	0	3
9cc55dca6f6	1	21	18	3	2	0	0	4
72cbb7492cb	3	2	1	1	1	0	0	4
21dd53f9d3d	7	7	5	2	0	0	0	8
54ad2f6cbb5	19	6	5	1	1	0	0	8
08109367e8a	21	6	3	3	0	0	0	7
55e971e33da	22	562	515	47	0	0	0	14
30994aad30c	22	6	3	3	2	0	0	5
331cd7c2519	21	6	3	3	0	0	0	7
cf75619bc3f	22	562	515	47	0	0	0	14
c9f17305e61	22	6	3	3	2	0	0	5
fe464a2fea9	20	10	5	5	2	0	0	7
f90c9ce0e25	19	4222	4064	158	23	7	0	4
