Commit Id	Time	Total LOC	LOC added	LOC removed	Files affected	Files added	Files removed	Commit Msg
2637b5c2610	1	34	34	0	2	0	0	5
cd6122edebe	2	42	37	5	1	0	0	5
bdd1a740cb5	19	53	53	0	3	0	0	7
77945d7f0fa	19	224	224	0	5	5	0	5
edd3de8feae	16	84	68	16	4	1	0	7
382f22f2295	2	153	153	0	5	1	0	3
320ae691d8e	22	61	61	0	2	1	0	8
d3135e0f57f	20	12	9	3	0	0	0	8
d264b230775	18	3	2	1	1	0	0	8
ac047166f6f	18	8	8	0	0	0	0	9
0f3ddad0fc9	18	1	0	1	1	0	0	6
02dffb063e4	14	3	3	0	1	0	0	6
14ed1732cee	4	28	27	1	1	0	0	8
9d45b945f79	4	28	27	1	1	0	0	18
8fe72a7f27a	6	12	8	4	0	0	0	7
17a812618d6	6	2	1	1	1	0	0	7
d032ff49548	19	4	2	2	1	0	0	14
f0f87d8afb9	0	6	6	0	1	0	0	7
0b70a14abf9	6	2	1	1	1	0	0	17
f9ba9f7badf	19	12	7	5	1	0	0	8
4432dc81879	23	22	14	8	1	0	0	32
51f128d64b2	20	32	17	15	4	0	0	33
fb6dd0c0b5a	23	2	1	1	1	0	0	32
aa5da48594c	23	42	23	19	2	0	0	24
b3a8e0da4ab	3	40	26	14	2	0	0	36
aca31e37f7b	23	42	23	19	2	0	0	24
9f65b1edf7b	3	40	26	14	2	0	0	36
62e4f897655	21	290	160	130	3	1	0	7
5909a9c9bdd	22	337	184	153	3	1	0	7
bb56489f21d	22	393	213	180	3	1	0	5
dc9f97b7b99	22	1280	666	614	4	1	0	7
6717fdccb4a	23	904	475	429	5	1	0	6
951e0b69fa3	23	961	500	461	4	1	0	5
39dfe946820	22	2	1	1	1	0	0	14
85e4fc43060	17	4	4	0	0	0	0	14
76cbd039b93	20	8	4	4	0	0	0	29
5037f9a5f4f	20	16	8	8	0	0	0	29
a90dc41df2a	18	8	6	2	1	0	0	6
716176fa997	18	11	9	2	1	0	0	7
ee4f0baeac8	18	11	9	2	1	0	0	7
56492de5b9b	22	17	11	6	1	0	0	7
cf87ee67eed	22	15	10	5	1	0	0	7
72c58158f7a	23	11	5	6	1	0	0	16
8886c6bf624	19	235	235	0	4	1	0	38
f0d80d7db0d	23	9	6	3	1	0	0	6
f46ad012bc5	22	108	108	0	1	0	0	42
a846d9388cb	22	61	54	7	2	1	0	6
f8193ab3c46	18	21	16	5	3	0	0	30
23509eb9e8d	2	127	10	117	4	0	1	6
17e696c3122	3	180	180	0	2	1	0	22
279361b2772	20	98	49	49	13	0	0	4
dbe142c4eda	20	2	1	1	1	0	0	25
e2385839d7b	20	79	48	31	10	0	0	4
007e63bb13b	23	17	16	1	2	0	0	23
f1b878cafa3	0	29	28	1	0	2	0	4
c0281f1b308	17	10	5	5	2	0	0	13
a2c4ca09ed8	0	4	2	2	1	0	0	4
6f8ddf37595	21	19	15	4	1	0	0	42
4c38742dd8a	21	19	15	4	1	0	0	42
fe176929c29	1	4	2	2	1	0	0	7
2fc34d75d96	5	3	2	1	1	0	0	8
91698f77e52	22	7	5	2	1	0	0	55
5b6464f461f	20	4	2	2	0	0	0	7
e32660a9844	20	28	27	1	1	0	0	91
8a7e2b9da69	21	4	2	2	1	0	0	3
f1bb5dca858	21	76	76	0	1	1	0	4
f88b8dad84c	23	64	59	5	2	1	0	6
b5b84197ed0	20	38	37	1	0	0	0	112
21dd5f4ea90	22	88	88	0	1	1	0	3
81c2a364395	22	4	2	2	1	0	0	4
c898704db18	22	2	1	1	1	0	0	6
875dd37a93b	0	4	2	2	1	0	0	6
33267337fac	0	4	2	2	1	0	0	4
180f9871476	0	58	58	0	1	1	0	4
5c81f41e709	17	35	21	14	5	0	0	4
fdf57f811f9	18	26	23	3	1	0	0	62
90c448de239	20	4	2	2	1	0	0	4
0256edc43eb	20	72	72	0	1	1	0	4
2426d65af86	23	9	7	2	1	0	0	11
e851fef60f5	20	5132	5132	0	7	6	0	27
032373df7fb	21	2	1	1	1	0	0	8
fa8efa98de8	21	119	113	6	11	1	0	4
6f92da2dd10	21	47	45	2	1	0	0	129
536037369e5	0	4	2	2	1	0	0	4
b1acb2ebd6e	0	88	88	0	1	1	0	4
41f55dc59b4	17	7	6	1	1	0	0	6
a784abaff63	18	793	519	274	27	1	0	4
04018d4b393	20	70	68	2	1	0	0	196
3602d4c23bd	21	4	2	2	1	0	0	4
985695e4d6a	21	110	110	0	1	1	0	2
e445fbda1f7	21	15	12	3	2	0	0	3
469a4a5091a	22	24	22	2	1	0	0	56
3c66b157892	23	4	2	2	1	0	0	4
1d27987dab2	23	92	92	0	1	1	0	4
92e43751731	23	19	19	0	1	1	0	6
3f1dba18b24	23	81	80	1	2	1	0	7
2769d97e67c	1	59	57	2	2	1	0	4
546ae2eef90	1	16	13	3	3	0	0	21
93b062468b2	18	34	34	0	2	1	0	52
67a1f0c52e0	17	13	11	2	1	0	0	25
65ed79a6dc9	18	4	2	2	1	0	0	4
9c19c1e19c8	18	62	62	0	1	1	0	4
be52549bfa5	21	44	42	2	1	0	0	142
5b1a0e6ef8f	22	4	2	2	1	0	0	4
8b05206665a	22	92	92	0	1	1	0	4
55546f55d44	20	51	32	19	3	0	0	4
6b5e6a5a3ec	21	22	20	2	1	0	0	55
093efafce30	22	4	2	2	1	0	0	4
9135c7fea87	22	50	50	0	1	1	0	4
cfa03ad2e34	22	20	20	0	1	0	0	7
85898d19671	16	603	551	52	20	3	0	5
eb091458c0f	17	27	27	0	1	1	0	6
d7234c8d50a	20	10	8	2	1	0	0	21
d537992d57b	22	4	2	2	1	0	0	4
a63079f34cd	22	59	59	0	1	1	0	4
711ec07d340	17	29	23	6	3	0	0	4
ab037455094	0	13	13	0	1	0	0	6
826661f33a0	18	11	11	0	1	0	0	6
f051b8919fe	18	11	11	0	1	0	0	6
c421a5e66b6	15	89	89	0	2	1	0	30
4421bebc363	17	21	19	2	1	0	0	61
6d391bbbe18	17	4	2	2	0	0	0	3
8fc48bcf4ca	20	839	300	539	8	0	0	4
5e41c022af7	21	84	84	0	2	1	0	30
e2da042844a	21	19	17	2	1	0	0	47
23c608ad409	21	4	2	2	1	0	0	4
85b2aaea3d6	22	4	2	2	1	0	0	4
2649ae83958	22	71	71	0	1	1	0	4
028e524bce9	22	71	71	0	1	1	0	4
a53c763c16e	22	53765	28027	25738	436	48	23	3
bae4c907bca	15	4	2	2	1	0	0	4
a35a212f258	23	1979	1394	585	76	3	0	4
74a664b22f2	23	22	13	9	1	0	0	6
f8d86e24f34	0	53	52	1	1	0	0	139
9f7f9d12404	16	96	96	0	1	1	0	4
20109853544	23	4554	2320	2234	35	6	5	4
ac799ba0afa	18	763	627	136	19	3	1	4
16934d92105	19	13	13	0	2	0	0	89
cbff8f091c2	20	28	26	2	1	0	0	78
9142dc676fd	20	4	2	2	1	0	0	4
ac9cf002524	20	74	74	0	1	1	0	4
b73967e9a0c	23	789	522	267	29	4	0	4
1fef66ffd4c	16	3562	3117	445	52	16	2	4
40d5e9074a0	16	9	8	1	1	0	0	36
dcfd032bdd6	0	46	45	1	1	0	0	149
1a7d3e2b72a	0	4	2	2	1	0	0	4
a34bbaf31bd	0	92	92	0	1	1	0	4
6877e64fa8e	2	10	9	1	2	0	0	34
b5e161989cc	4	22	13	9	0	0	0	25
2905884b63e	5	2	1	1	0	0	0	46
f9f9239fa2f	19	4	3	1	0	0	0	7
92bbd60a3ff	18	2	1	1	1	0	0	9
4ec189b2501	4	1904	1785	119	15	1	0	4
910bc3c02d9	4	202	156	46	14	1	0	3
0462bc23564	5	46	44	2	1	0	0	119
bb1575b4c4d	6	4	2	2	1	0	0	4
7dca8d714f4	6	86	86	0	1	1	0	4
32478acf94e	21	36	36	0	1	0	0	23
9371be0aa15	23	19	15	4	2	0	0	4
b7fd6bc899c	23	19	17	2	1	0	0	41
00e28ee6a8d	17	4	2	2	1	0	0	4
f84c7a27765	17	68	68	0	1	1	0	4
8590f810a53	18	357	299	58	22	2	0	4
6f8aa24d1ee	19	37	20	17	1	0	0	7
ffb718b5a36	22	12	7	5	1	0	0	7
5ce4f3ec3d8	23	3	2	1	2	0	0	4
66931791f06	23	63	62	1	1	0	0	185
c3e26d64f89	0	4	2	2	1	0	0	4
aa56d9d3540	0	106	106	0	1	1	0	4
30b3bc2f7ce	22	121	115	6	10	1	0	4
270c2deb84b	21	41	40	1	2	1	0	26
8753bb38596	18	7	5	2	1	0	0	26
be3aaeb0e9f	1	671	152	519	5	1	0	6
dcd5224e1f2	1	1696	856	840	20	10	9	7
1d57a5caa4d	22	52	52	0	1	1	0	5
6cc95b06eae	1	671	152	519	5	1	0	6
574f71444c0	1	1696	856	840	20	10	9	7
8b7ec733317	4	168	147	21	6	0	0	4
bc2f31ae1d0	5	29	27	2	1	0	0	64
b0e5f195dfc	5	37	19	18	1	0	0	3
eb7c7be7da4	19	4	2	2	1	0	0	4
5aebc735258	19	72	72	0	1	1	0	4
d0d4719e472	17	5	3	2	1	0	0	28
cd2d3aedaab	1	10	7	3	1	0	0	32
2f5e77f55bb	2	15	13	2	1	0	0	33
114bff467eb	2	2	1	1	1	0	0	8
ab54e32bbd5	22	19	11	8	1	0	0	30
95b8a75d5e4	1	104	92	12	5	2	0	4
b46e7742158	1	61	60	1	1	0	0	180
e63268e433f	3	4	2	2	1	0	0	4
a98d5417333	3	106	106	0	1	1	0	4
c8c26f12e44	17	22	11	11	1	0	0	29
1d2fab37e61	21	63	63	0	3	1	0	5
e3d83590216	19	4	2	2	1	0	0	5
5c832e44c3c	16	32	23	9	5	0	0	18
297fee70b97	20	749	669	80	6	4	0	45
e8df2676748	20	767	687	80	6	4	0	37
37376debe54	23	24341	3	24338	318	0	332	21
86b8d848114	19	448	448	0	1	1	0	19
a4436bab7b8	3	33	32	1	2	1	0	10
c0d73e6de1b	0	2	1	1	1	0	0	7
e5eadcfa199	4	3	0	3	1	0	0	28
59baab27769	1	154	147	7	4	2	0	29
937e2e351b2	0	43	29	14	4	0	0	25
c2aea3747da	21	156	143	13	9	1	0	4
3e6e63406d0	21	7	5	2	1	0	0	5
31c510ca882	22	41	39	2	1	0	0	97
cc56c62ed87	23	0	0	0	3	3	0	12
ae418f974d7	0	4	2	2	1	0	0	4
085db9dd6c1	2	22	11	11	1	0	0	7
af1418325ba	18	224	129	95	5	0	0	35
e324717f8da	0	48	0	48	1	0	1	27
3a3b7488b58	0	10	8	2	1	0	0	17
95bb347d6ca	0	4	2	2	1	0	0	36
78a854f8721	1	116	58	58	2	1	1	35
265fdc8e91b	1	11	10	1	1	0	0	15
de56ffa58b0	2	32	26	6	2	0	0	18
d2952cce363	3	65	46	19	1	0	0	5
407e295f435	3	115811	115322	489	211	204	0	5
581b8585eb9	4	6	3	3	0	0	0	6
fa0ac99541f	4	2	1	1	0	0	0	4
bfc823de905	19	9	4	5	4	0	0	6
67dfcd55be6	19	4	2	2	1	0	0	21
98a0909da05	21	2	2	0	1	0	0	15
cd08c8a0e5e	2	2655	2267	388	66	6	0	4
afc29ed397f	23	23	16	7	1	0	0	33
06453a94a7b	0	41	38	3	4	1	0	43
a18c9b7dde2	21	6	4	2	1	0	0	39
e92d35d80be	0	1300	942	358	44	1	0	4
e2fcfea46e3	0	25	8	17	2	0	0	29
0c2e28d68ff	20	76	74	2	1	0	0	253
7d6b8db40f3	21	6	6	0	1	0	0	7
9bd934cb961	14	4	2	2	1	0	0	4
ee4b9b552de	17	58	27	31	1	0	0	8
af69f88a9d5	16	2	1	1	0	0	0	6
632c1356222	20	11	4	7	1	0	0	223
7b72e156655	16	4	3	1	1	0	0	19
1038959dbf7	16	262	236	26	13	0	0	4
cb7911f78ae	21	44	42	2	1	0	0	111
1285008fcaa	22	4	2	2	1	0	0	4
89223ae860f	23	73	71	2	1	0	0	210
b148cbe09d4	0	9	7	2	1	0	0	8
bfe1fdb8ab5	14	4	2	2	1	0	0	4
a6583ebd113	14	4	2	2	1	0	0	4
9479399d3b4	15	2	1	1	1	0	0	25
41d8e10f0d7	17	13	12	1	1	0	0	37
58cc3622516	21	24	8	16	1	0	0	43
1bbb3cc00d2	19	4	2	2	1	0	0	2
654267609b5	0	12	4	8	1	0	0	7
15f0e0a5967	0	235	166	69	11	1	0	12
650d1355a58	16	5447	3320	2127	212	2	0	4
f82652e68ee	17	27	18	9	12	0	0	3
535c7777ac6	0	226	158	68	10	1	0	12
f051f317905	22	6657	4182	2475	351	49	3	4
e9170cbc3d3	22	46	28	18	1	0	0	32
ce82d6b8474	17	36	34	2	1	0	0	117
1cb6f1a46ad	17	4	2	2	1	0	0	4
eeb08ca496c	18	22	20	2	1	0	0	78
a69205346b0	19	4	2	2	0	0	0	5
f6ba61bd154	15	6	0	6	1	0	0	9
361aa5344d6	21	4	2	2	1	0	0	34
d5edd687944	15	4	2	2	1	0	0	4
e22ea56647b	0	2	1	1	0	0	0	9
1223cafea64	16	9386	6801	2585	419	61	6	4
71698798796	16	135	125	10	9	1	0	4
bc0ff830aff	17	44	42	2	1	0	0	116
0c766cbdfe2	17	9	7	2	1	0	0	13
4f2b08c523c	18	6	3	3	2	0	0	4
643a21c0976	18	2	1	1	1	0	0	34
8fd350e3575	18	4	2	2	1	0	0	4
53b4accb6e5	20	9	8	1	1	0	0	18
92598e8f2b5	19	4	2	2	1	0	0	5
6a11bfe74bc	15	2662	1999	663	178	24	3	4
7fabdc23d84	15	25	23	2	1	0	0	50
adf2cfd54da	22	4	2	2	1	0	0	4
daca803e9e3	22	31166	21095	10071	496	124	47	4
0fe0d121551	22	23	21	2	1	0	0	59
84952da2419	23	4	2	2	1	0	0	4
f773fb41cc2	21	5	5	0	1	0	0	16
edadbd6819d	21	28323	15783	12540	579	150	42	5
902090af537	21	171	170	1	1	0	0	657
9fad8958df6	21	28323	15783	12540	579	150	42	5
fd896d5acfe	21	171	170	1	1	0	0	657
8e4fc88c797	0	4	2	2	1	0	0	4
2b7c8a2f02c	18	12	10	2	3	0	0	5
641cea09269	20	15	12	3	1	0	0	5
c1f4aacc75c	21	12	6	6	0	0	0	8
d601c76f4d7	20	306	299	7	10	4	0	51
2afa3d8a03f	1	8	7	1	1	0	0	31
3859fbdb7df	1	10	7	3	1	0	0	33
c77fd4a03ef	20	17	8	9	1	0	0	6
b259f245f87	22	2	1	1	0	0	0	4
226c98649df	22	20	20	0	1	0	0	4
6c8593d4568	22	34	22	12	2	0	0	6
35443862a23	23	204	160	44	8	0	0	4
fe2e8a4a24c	0	28	26	2	1	0	0	92
b9283cf9d17	17	187	167	20	3	1	0	23
69080f54743	19	7	6	1	1	0	0	20
ea69dd7584a	19	4	2	2	1	0	0	4
54206e32a6c	21	8	1	7	1	0	0	9
293f036bd4f	22	6	4	2	0	0	0	7
28ae70ebad8	23	35920	23901	12019	752	253	85	4
6a90a060023	0	1037	535	502	3	0	0	32
52795f8fcc2	21	38	34	4	1	0	0	78
1b81ea82767	22	4	2	2	1	0	0	4
a363f61ca83	21	14	12	2	1	0	0	33
fe2019699ad	1	4	2	2	1	0	0	4
