Commit ID 	 Time 	 LOCChanged 	 LOCADD 	 LOCRem 	 Totalfiles 	 Filesadd 	 Filesrem 
2d2deb65018	23	43	32	11	2	0	0
463644753c2	14	4	4	0	1	0	0
a532bc52f98	12	34	30	4	3	0	0
8fc3f3a8086	12	25	25	0	2	1	0
1f2e8f2060b	10	113	57	56	2	0	0
0fe1dbcb873	22	15	7	8	1	0	0
ce561f18967	22	12	6	6	1	0	0
1b9bccdc484	22	130	64	66	1	0	0
169ec7d755d	21	20	10	10	1	0	0
2db6bdae47c	21	232	135	97	5	4	0
16b4c47d8eb	15	2	1	1	1	0	0
5d834695d14	15	47	28	19	2	0	0
496b9d8b1be	12	27	16	11	2	0	0
