Commit Id	Time	Total LOC	LOC added	LOC removed	Files affected	Files added	Files removed
e21643d618a	15	2	1	1	1	0	0
6f8839d2ac3	11	28	16	12	2	0	0
884f689efec	9	6	6	0	1	0	0
41f2725639d	9	255	223	32	9	0	0
c2fb062f60a	22	4	2	2	1	0	0
539598b11f3	2	12	6	6	1	0	0
8b2abed03df	1	6	6	0	1	0	0
c24276f0087	18	13	10	3	2	0	0
3f5bb15f353	13	1	1	0	1	0	0
fa43f04f6a3	23	107	107	0	2	1	0
25ca13ec1a6	23	158	150	8	5	0	0
cdb5864fc32	22	4	2	2	1	0	0
dd0188ec088	16	368	182	186	8	0	0
6eeb59abf6b	14	755	8	747	3	0	1
809fdf26fbb	20	123	104	19	1	0	0
ca19e792c6f	20	18	18	0	2	0	0
ea97d6ed5ff	20	18	9	9	2	0	0
5866f1a9aa4	18	92	47	45	1	0	0
2df81c57f6e	17	25	8	17	3	0	0
eb6e60432b3	20	59	57	2	2	0	0
09dc5779314	16	116	102	14	3	1	0
b3d4938e3e0	15	12	12	0	1	0	0
66116924edb	19	796	793	3	4	1	0
356992fe4de	16	273	198	75	17	2	0
e9f8e284263	15	2	2	0	1	0	0
5427311ae68	0	5	5	0	1	0	0
9143b43e98c	23	107	107	0	2	1	0
2afd20b5425	23	158	150	8	5	0	0
59faab4330c	22	4	2	2	1	0	0
c481f97a9c1	16	368	182	186	8	0	0
469cb1b7b7f	14	755	8	747	3	0	1
d329fc7b098	20	123	104	19	1	0	0
3063ba08008	20	18	18	0	2	0	0
9d71e744910	20	18	9	9	2	0	0
3aadd4fe767	18	92	47	45	1	0	0
8a538ce372c	17	25	8	17	3	0	0
edbec3f8f3e	20	59	57	2	2	0	0
a778a25cabd	16	116	102	14	3	1	0
39e2c469db8	15	12	12	0	1	0	0
2a7a2ca986a	19	796	793	3	4	1	0
c3346f6760f	16	273	198	75	17	2	0
0d5a6b2d9d5	15	2	2	0	1	0	0
70e6f3f115c	22	1	1	0	1	0	0
0de6ec5f081	2	4	2	2	1	0	0
ed5bad754c1	2	3	2	1	1	0	0
b261e37a342	16	8	7	1	1	0	0
d8c178bc162	13	13	7	6	1	0	0
a82f5389d96	17	14	13	1	1	0	0
b24c515dbf2	19	129	96	33	10	0	0
7a7f1062bfe	14	1	0	1	1	0	0
aac717da8d9	23	1	1	0	1	0	0
213b8af2f60	22	3	1	2	1	0	0
15d0fa6dc12	21	1	1	0	1	0	0
4b455bafd0c	21	2	1	1	1	0	0
f322bbe729f	21	25	19	6	2	0	0
6df7bdd954e	0	11	10	1	2	0	0
666aa0a3434	14	466	427	39	21	2	0
cc2861ee44c	16	18	12	6	2	0	0
97900776bb3	12	35	20	15	3	0	0
d29be0dfa2e	2	93	93	0	2	2	0
43e91da0742	2	3	2	1	1	0	0
ef12fa1bf7b	1	394	180	214	1	0	0
bdd19ab40b0	1	3	2	1	0	0	0
321ec97d95c	1	57	7	50	1	0	0
77f21787d48	20	16	13	3	1	0	0
d70ef199f16	17	104	75	29	2	0	0
b1b3dc62ff1	15	11	10	1	2	0	0
e90db17392c	15	2	1	1	1	0	0
8295c806181	21	6	5	1	1	0	0
22c2c34952b	22	30	21	9	1	0	0
eef5d3257dc	13	4	2	2	0	0	0
fd29448be02	20	755	755	0	36	0	0
70bc2e32af8	20	33	33	0	2	2	0
23bb5986d4c	20	5	2	3	1	0	0
57d28579384	17	7	7	0	1	0	0
36815e41796	21	39	38	1	2	1	0
fdf180f9cee	7	6	5	1	1	0	0
aeb124f7f36	5	6	3	3	1	0	0
a0fdd5f3f65	12	11	10	1	2	0	0
e90623edc2b	20	20881	20547	334	514	493	0
a29a7c72fa7	2	4	2	2	1	0	0
9170077f13e	1	20	10	10	3	0	0
9b4e8e0a0d0	21	4	2	2	1	0	0
d5feb1c280d	20	5	0	5	0	0	0
3d22dbf27bf	16	31	28	3	3	0	0
03eb41c2ec4	13	47	46	1	2	1	0
3ca05177494	14	12	11	1	0	0	0
f44d0b90442	13	21	13	8	2	0	0
bbd976b8c4f	1	13	5	8	3	0	0
5fea00581b8	18	5	4	1	1	0	0
a033261f390	15	26	16	10	0	0	0
a5c51b48585	13	2	2	0	2	0	0
216019b72d5	21	11	8	3	1	0	0
2445fb8bdd1	1	1	0	1	1	0	0
1cf13bca195	15	1	1	0	1	0	0
55a8a3aad47	23	2	1	1	1	0	0
1db9a2adbe5	12	3	3	0	0	0	0
16889e22cc8	11	2	1	1	1	0	0
ce3ccc8d5ac	11	5	1	4	0	0	0
246805d3865	15	75	75	0	1	1	0
7defbd27efe	15	87	86	1	4	3	0
05de01d707c	12	156	88	68	1	0	0
61e796decc0	23	4	2	2	1	0	0
a4402f0b2e4	21	45	35	10	3	0	0
f004d5aeac0	12	5	5	0	0	0	0
3f92031aeb7	13	51	49	2	6	0	0
8bdf6bae306	13	8	8	0	1	0	0
a808ab4ac42	21	56	18	38	1	0	0
1b2d333ee3f	12	828	722	106	19	3	1
59a9a9b5b02	13	149	101	48	9	0	0
29d8ff51c85	22	18	4	14	3	0	1
9d3faf4f9ae	21	65	62	3	4	2	0
3ac5f1106d3	19	8	4	4	2	0	0
534e41b4747	19	8	4	4	2	0	0
4f8a0cd2f9d	14	7	7	0	1	0	0
2c52ccea80e	14	7	7	0	1	0	0
4f38c5ece30	15	75	75	0	1	1	0
8f15582ef33	12	25	24	1	1	0	0
5e3b0095de9	22	66	62	4	2	1	0
cf2ee19049a	21	21	15	6	1	0	0
b9e1bb3d92a	16	2	2	0	0	0	0
098fef67403	12	85	69	16	2	1	0
10d4bd8266f	10	125	123	2	1	0	0
326b2cb34e2	15	702	522	180	1	0	0
78ca5558451	20	71	41	30	1	0	0
0757c73a20d	19	48	44	4	3	0	0
e34a2c170c5	16	474	225	249	10	0	0
8dd4fcbe8f3	12	20	20	0	1	0	0
4fc0fdc6ee8	16	3	2	1	1	0	0
cdcb1118c83	15	32	16	16	16	0	0
efb833f342d	16	4	2	2	1	0	0
97cada0e6a1	16	74	74	0	1	0	0
6f96e78dea5	12	14	14	0	1	0	0
04958e88a41	11	85	85	0	2	1	0
105d1787dc0	7	2	1	1	1	0	0
d7bcf21340b	23	9	4	5	0	0	0
edcfea5d02c	5	3	2	1	0	0	0
099c717baf7	9	2	1	1	1	0	0
10edbbb927e	2	26	14	12	2	0	0
89014c9d405	22	8	8	0	1	1	0
5fd012e67a9	12	18	12	6	1	0	0
8974ba31a37	4	2	1	1	1	0	0
9c11e8a1ca7	22	50	48	2	2	1	0
11d68eb3fc3	8	4	2	2	1	0	0
52eaac43826	2	39	38	1	4	0	0
818f0cba553	2	114	98	16	1	0	0
359a65a6db1	0	49	46	3	2	1	0
1ba834bd3fe	23	9	6	3	1	0	0
c8646e0c415	17	2	2	0	1	0	0
672b453a767	16	13	2	11	1	0	0
edea4122b1c	15	21220	7097	14123	224	4	16
21b64dc7c9e	21	191	158	33	9	0	0
37bb37d151f	16	16	13	3	3	0	0
362b5a6c401	15	26	26	0	2	1	0
4d4900fc651	21	12	5	7	1	0	0
5fee1ff7bce	20	17	17	0	1	1	0
b6c582a3a31	20	10	0	10	1	0	0
a1fa3efd2b8	16	2	1	1	1	0	0
26874e2e07c	16	1	1	0	1	0	0
a7803c58e49	1	37	30	7	3	0	0
7fd1c08b161	5	51	24	27	1	0	0
ccd8b55b019	21	23	4	19	1	0	0
004e6fbe1f8	20	8	4	4	1	0	0
1d94d4fa70f	16	2	1	1	1	0	0
3dee0e4cd8e	15	1	1	0	1	0	0
b9529545e15	11	145	128	17	1	0	0
13871fa2f8e	5	6	6	0	1	0	0
15628f67351	5	15	7	8	1	0	0
d7dff34bad8	4	9	6	3	1	0	0
b8847e9ac6d	22	139	102	37	7	0	0
680765abece	19	12	9	3	1	0	0
dddfd0f8b8b	0	2	1	1	1	0	0
dd6faa5adf8	1	13	10	3	5	0	0
ac379b3be13	0	40	38	2	3	0	0
401c073dd27	0	199	185	14	9	1	0
3c3ec7b2d76	20	134	112	22	2	0	0
0ae98dfc664	19	4	2	2	0	0	0
84d0b1bcc51	15	1005	831	174	3	0	0
145aa636b93	22	1158	1029	129	20	1	0
9bb3a683fe9	1	4	2	2	1	0	0
0b92fa0e932	1	8	7	1	1	0	0
6df574b744f	1	28	19	9	2	0	0
2f8596ee107	0	4	2	2	1	0	0
4908e5bf7a9	22	145	128	17	1	0	0
b6a869ef4f7	23	3	3	0	1	0	0
018e110cd11	23	842	421	421	126	0	0
3108a9ee383	22	794	680	114	11	3	0
e0297ca59b7	15	2	1	1	1	0	0
87b34c94fa4	15	3	3	0	1	0	0
9193062e70a	14	10	10	0	1	0	0
0dc844de17c	14	1	0	1	1	0	0
dc0b7364b51	14	2	1	1	1	0	0
f1d3ae77530	14	2	1	1	1	0	0
fab68aa1edb	2	75	58	17	1	0	0
5faff9ebdf2	13	44	44	0	1	1	0
6ed8d41ddd6	15	4	3	1	1	0	0
bc96302fae1	15	309	256	53	17	0	0
c82828ec278	14	31	31	0	1	0	0
752571c7ba8	13	1	0	1	1	0	0
49c3a910c67	19	2	1	1	1	0	0
6cb1d26924f	15	3	3	0	1	0	0
c215262db44	14	30	25	5	1	0	0
9bbca991076	22	145	128	17	1	0	0
6b9f5599849	20	18	12	6	1	0	0
025f5c89c76	14	89	69	20	4	0	0
326ba25451d	13	8	6	2	1	0	0
1bb820a339e	21	39	21	18	1	0	0
bc7cfd7cd7c	18	2764	420	2344	6	0	2
976c6b0826e	14	12	12	0	1	0	0
f1ca4853578	11	2	1	1	1	0	0
fa44659c66c	23	2	1	1	1	0	0
abfcd1fb00a	20	18	18	0	1	0	0
413d38c43bc	19	70	70	0	1	1	0
c4eaf7e5a90	18	156	156	0	4	0	0
942b92a06e8	1	4	2	2	1	0	0
aff91f79aee	1	2	2	0	1	0	0
d91f64fcbbe	1	4	2	2	1	0	0
6ee676c0e45	1	2	2	0	1	0	0
f6bce20e5e4	3	28	25	3	2	0	0
d1571314390	3	28	25	3	2	0	0
fcba1459f24	3	38	22	16	2	0	0
9ad334085fc	13	3	3	0	0	0	0
93aad553425	23	1	1	0	1	0	0
fdb0eb5825f	23	2	1	1	1	0	0
3a9b08f1565	20	30	16	14	1	0	0
9ef962f9ee8	17	2	1	1	1	0	0
320cf729db9	23	1	1	0	1	0	0
b185751c3f8	23	2	1	1	1	0	0
0ad28fdd376	17	2	1	1	1	0	0
ed44098cf69	15	2	1	1	0	0	0
f8b90946aec	22	9	7	2	1	0	0
92d4ed397bc	15	10	7	3	1	0	0
5724b54d2e1	14	59	59	0	1	1	0
8b2a3354f96	14	62	53	9	2	0	0
718032777d4	22	10	3	7	2	0	0
77e4abbc3e6	14	7	7	0	1	0	0
d104e5b91cf	14	7	7	0	1	0	0
c18ef0fed55	19	7	6	1	1	0	0
e4e1917936d	19	5	4	1	0	0	0
d7c16fa3727	23	1	1	0	0	0	0
12351a2591c	22	2	1	1	0	0	0
9f986981f8b	22	274	207	67	1	0	0
fe7e00d51a0	1	108	90	18	2	1	0
0d80040adfd	21	295	91	204	41	0	0
7e7e983781e	16	16	14	2	3	0	0
fa334ef0b72	15	2	1	1	0	0	0
bb3a1d5b675	11	60	59	1	2	1	0
638773628cf	15	22	7	15	1	0	0
b66d225c6eb	21	2	1	1	1	0	0
56efe9cbc56	14	16	11	5	1	0	0
94b0481a566	14	331	278	53	6	0	0
2d9ab49239d	0	70	66	4	3	0	0
554dc63328d	22	188	141	47	12	0	0
0df8ffe4728	0	312	276	36	7	0	0
5ded5e274f8	21	36	20	16	1	0	0
fe4b7420a3e	11	45	29	16	2	0	0
8342f31af91	23	4	2	2	1	0	0
d2d53d4bb26	21	62	53	9	3	0	0
790f13df9c6	20	2	1	1	0	0	0
5e765fe5e82	16	47	34	13	2	0	0
576b11662e3	22	151	142	9	3	0	0
8f245486aa8	22	17	14	3	1	0	0
accc34c50f0	22	3	2	1	1	0	0
25135381090	2	192	192	0	0	0	0
48f4b2be2bc	1	79	6	73	1	0	0
bba432f00e0	0	2	2	0	1	0	0
11e3cfce8bb	0	59	48	11	1	0	0
cbd4033619c	1	1311	998	313	7	3	1
9cb624986c6	23	6	4	2	1	0	0
2aefea5a2f9	23	8	4	4	2	0	0
28998a8cfe9	0	6614	6505	109	41	6	0
7003d6eff56	16	9	4	5	4	0	0
63607a0304e	20	18	14	4	1	0	0
8e8f36f9583	20	1	0	1	1	0	0
d72c6940f8b	18	13	10	3	1	0	0
decd81838ab	5	9	8	1	1	0	0
52037d897d0	4	46	22	24	5	0	0
0f077a78ad3	4	6	6	0	1	0	0
1e7a0aa8837	21	70	50	20	1	0	0
44bebc0d52d	20	30	16	14	1	0	0
3aa1975c583	14	2	1	1	0	0	0
243c218c7a7	14	3	0	3	1	0	0
5e37e10e41c	23	6	5	1	1	0	0
bfc2982f107	1	21	6	15	1	0	0
eaac88163a4	23	6	5	1	1	0	0
97b0000c536	16	1	1	0	1	0	0
cbea40eaf27	16	10	5	5	1	0	0
47265046632	3	45	45	0	3	3	0
efcbe3b21a3	2	5	5	0	1	0	0
83b211ecb2a	21	1	1	0	1	0	0
7cab4d6870b	21	800	800	0	3	2	0
01b64fc36bc	14	9	3	6	1	0	0
a002f4f4531	13	1	1	0	0	0	0
028b33b18ae	20	70	70	0	1	1	0
4e204f37fd9	13	8	7	1	1	0	0
e00c2ec5e35	13	2	1	1	1	0	0
3cac57658fc	20	70	70	0	1	1	0
fa378ee4d8c	14	16	14	2	2	0	0
3cd694c9f37	23	1	1	0	1	0	0
eb09b0644b3	21	1	1	0	1	0	0
79f064f565a	15	23	20	3	3	0	0
f52a8db2805	13	4	2	2	1	0	0
fcf9cfa1374	0	7	7	0	1	0	0
ef496dc39de	0	3	3	0	3	0	0
e62cdd04887	23	22	11	11	2	0	0
c4549b85736	22	18	9	9	2	0	0
460614125be	21	45	26	19	2	0	0
fd1fc5080f6	20	3	3	0	1	0	0
f69822c70e5	15	2	1	1	1	0	0
fc57df283c2	22	266	133	133	2	0	1
d5c95f02afd	22	279	109	170	2	0	1
54bb53bf32f	21	2	1	1	1	0	0
ad31e5af56e	22	4	2	2	0	0	0
69ce415d38e	15	8	4	4	1	0	0
30d20cf4059	2	39	5	34	2	0	0
2fe4558c107	2	75	71	4	1	0	0
5a49522ba77	19	2	1	1	1	0	0
b8c8e9c113e	19	5	5	0	1	0	0
2bbb4684284	16	33	29	4	2	0	0
ac722bbed6e	21	35	27	8	4	2	0
f9cfd709460	14	6	3	3	1	0	0
0c4e7354011	23	2	1	1	1	0	0
88f416a5edf	14	21	19	2	1	0	0
12c8b27e243	14	18	15	3	1	0	0
38f948a373a	19	30	15	15	3	0	0
e1bb241b511	1	20	18	2	1	0	0
e0d7c2cfa3f	23	58	34	24	4	0	0
7c07e75db98	20	1	1	0	1	0	0
8da4831ed06	16	30	16	14	2	0	0
874260b40fe	15	127	85	42	3	1	0
8430148ccba	18	39	39	0	3	1	0
83b82f900fa	2	8	4	4	2	0	0
de261713bfd	1	700	620	80	20	2	0
2d65f3c59a3	20	8	4	4	4	0	0
a7bdaabf609	20	8	4	4	4	0	0
0082ef271e7	22	14	14	0	2	0	0
2ed23314c35	22	2730	2321	409	4	2	0
df3a8fcb62e	21	21	13	8	3	0	0
deb100fb176	13	4	2	2	1	0	0
aa0308d6182	21	25	19	6	3	0	0
984dc057e39	23	15	11	4	2	0	0
345df289eb7	22	86	86	0	1	1	0
8ddb334c2aa	22	1	1	0	1	0	0
07bcdc2f513	22	1	1	0	1	0	0
59b04427d36	21	25	13	12	1	0	0
4b77626add4	19	12	2	10	1	0	0
725fcf55873	19	12	3	9	1	0	0
bff96029665	19	6	6	0	1	0	0
1b89323e920	1	4	2	2	1	0	0
53aac9dde61	22	1088	634	454	14	3	2
0c396c05fdd	22	19	16	3	1	0	0
37cbc355d53	20	79	53	26	3	0	0
1b0e054737b	20	19	19	0	2	0	0
6f0740e67b7	19	11	8	3	1	0	0
9cc2bd11d35	16	129	84	45	13	0	0
e5cceffe6a5	11	2	1	1	1	0	0
9f9a4cb9284	14	10	7	3	2	0	0
61dfe5d2a9f	12	9	0	9	1	0	0
09130147cfb	12	2	2	0	0	1	0
13a521e6980	1	2	1	1	1	0	0
b62ecdc5bbe	19	9	3	6	2	0	0
3e8667d829b	19	9	3	6	2	0	0
f0872060675	20	23	21	2	2	0	0
b74d119b348	20	6	4	2	1	0	0
1e6b72e8cbe	12	12	12	0	1	0	0
3e2a2a76fda	19	176	144	32	1	0	0
f91988979f3	18	7	5	2	1	0	0
c6846565cf4	23	13	10	3	1	0	0
222f85fdf4a	19	176	144	32	1	0	0
8dc87731c76	18	7	5	2	1	0	0
092fc42fbf5	23	13	10	3	1	0	0
20d7c47d6e5	16	11	8	3	1	0	0
bd0baf23383	12	6	6	0	1	0	0
8e0d788842f	15	11	11	0	1	0	0
d6188bdd271	14	3	2	1	1	0	0
c626f8bd8fa	13	51	51	0	1	1	0
c95da949ecc	22	14	7	7	2	0	0
5c381637873	20	5	4	1	1	0	0
eb4c9ed881c	11	36	29	7	1	0	0
82bc25d5ada	14	19	1	18	0	0	0
594642b31db	20	2	1	1	1	0	0
1d5ff15a461	10	257	257	0	4	1	0
b64791c7e45	20	2	1	1	1	0	0
611dffabb6b	20	56	49	7	3	0	0
f0b8cc6a94b	14	53	46	7	2	1	0
80b5a52217a	12	14	8	6	2	0	0
a87172f9b21	12	3	3	0	0	0	0
8d578df4b6b	11	11	11	0	0	0	0
96e06153690	13	116	103	13	2	1	0
5d80bdb6aed	11	11	11	0	0	0	0
b4def4806c5	13	116	103	13	2	1	0
7a7e88d44ba	19	2	1	1	0	0	0
045bd4c7a49	21	19	19	0	2	1	0
55c65cc2d55	15	65	56	9	10	0	0
4b19bd28967	9	2	1	1	1	0	0
f72ac17c892	12	134	54	80	2	0	0
95638c9b0d3	12	70	69	1	4	0	0
b58db3cd737	20	17	16	1	1	0	0
93533e98f76	11	20	10	10	1	0	0
1eb1e0a9af9	8	1	1	0	1	0	0
f9456a2d365	22	31238	30865	373	2	1	0
479b0b4e543	22	100	30	70	1	0	0
3c9c920f570	22	241	241	0	1	1	0
21e60643b07	13	82	82	0	4	1	0
8d9493c315a	14	26	25	1	2	0	0
b8a8e5558d7	9	30	20	10	2	0	0
6f07d2fa1bb	3	2	1	1	1	0	0
06526a2a937	15	28	6	22	3	0	0
299cf84490a	23	1	0	1	1	0	0
150d6f12494	22	25	15	10	3	0	0
8e6706ea95c	22	9	7	2	1	0	0
b33a47ef473	22	17	15	2	3	0	0
1e99486cc83	2	6	6	0	2	0	0
de9a444ab4c	21	2	1	1	1	0	0
437c2f43833	17	1	1	0	1	0	0
72dcc26c7af	10	11	8	3	1	0	0
d78a3787d26	14	26	25	1	2	0	0
5d178188a7c	9	30	20	10	2	0	0
dde590d8b93	3	2	1	1	1	0	0
3a280b2034e	3	95008	45225	49783	830	91	17
8ae32a98642	13	3	1	2	1	0	0
820aaf5b3d2	21	95	61	34	12	0	0
4394c8a9b38	13	146	44	102	1	0	0
6f952845a6b	23	6	3	3	1	0	0
13553c13328	11	12	7	5	1	0	0
a367f62adfe	11	60	59	1	2	1	0
48675784fe6	12	6	6	0	1	0	0
885142a5edc	11	14	10	4	1	0	0
17fbdc18b8c	14	56	45	11	3	1	0
3f3a71e61e9	11	6	6	0	1	0	0
bd24ab2bd78	13	58	58	0	3	1	0
c7214fe3555	13	22	13	9	3	0	0
5e24adbb90d	13	10	7	3	1	0	0
67e078094b5	12	143968	116944	27024	696	252	34
490d5ab7808	12	37	9	28	2	0	0
f68a116c3c0	22	37	37	0	1	0	0
70f198ddb1b	20	15	15	0	3	0	0
7989f42f866	4	4	1	3	2	0	0
23dfa71dd53	6	63	38	25	5	0	0
c30cc4e3a5e	1	36	8	28	2	0	0
e87ceb2b427	0	233	151	82	1	0	0
ad15d75750d	0	4	4	0	1	0	0
8eb76075cf5	0	7	3	4	1	0	0
f6ea0c203aa	22	20	12	8	3	0	0
a3dca9a3a68	20	2	1	1	1	0	0
91b4a561dfb	20	3	0	3	1	0	0
1f17f88071c	17	52	30	22	4	0	0
6bd78fd7704	21	2	1	1	1	0	0
bd8a5755dce	13	2	1	1	1	0	0
a2eeb43deda	13	85	84	1	3	2	0
3421d29d631	22	2	1	1	1	0	0
bbd56d881db	12	87	87	0	4	2	0
2b6e078833b	12	154	91	63	2	1	0
d23ac0ea9cb	21	63	63	0	3	1	0
010222d39fb	13	407	403	4	7	3	0
4dc6f4adf48	19	6	3	3	1	0	0
1f2f3fa83a9	2	171	89	82	3	0	0
09c51d5e40a	22	6862	3420	3442	2	0	0
6514a4128c3	12	5	4	1	1	0	0
74d9aa49d57	10	106	86	20	4	0	0
023f0a3122d	15	7	4	3	1	0	0
8c303115f5e	15	10	8	2	1	0	0
cda41f8775e	11	4	2	2	1	0	0
db5abd726f6	17	77	35	42	3	1	1
262a752c294	17	102	73	29	4	1	0
f057c7049ee	16	7	4	3	2	0	0
2eaef9f6daf	22	4	4	0	1	0	0
9e32a7daaa6	16	26	24	2	2	0	0
658aeb2ca0f	2	2	1	1	1	0	0
84c03a984a5	14	16	15	1	4	0	0
de8c0a51a7a	22	2	1	1	1	0	0
3ac69469991	0	15	15	0	1	0	0
d29fe0f2c66	23	14	7	7	1	0	0
bd9c66668c6	13	83	55	28	2	1	0
1394d5856b4	15	1	1	0	1	0	0
a763db8fc0c	15	43	16	27	1	0	0
85c8eeb8389	0	1	0	1	1	0	0
5235d71f895	10	27	18	9	1	0	0
27f115d7154	9	62	31	31	17	0	0
c0d62c207ee	9	18	10	8	2	0	0
fd819efbdfb	20	8	5	3	2	0	0
09724b311ee	21	135	76	59	21	0	0
f230a1cf749	1	59279	31694	27585	477	64	21
a12870c823b	22	6861	3419	3442	2	0	0
d4c09f20c8d	22	24785	24785	0	1	1	0
e159073da59	22	100	30	70	1	0	0
5ab863de226	22	241	241	0	1	1	0
3dcc9b93e1e	21	11	0	11	1	0	0
146b2e267b5	21	3	2	1	0	0	0
0619467bd34	20	50	18	32	9	0	0
3facd4e1dc4	16	3	3	0	1	0	0
10cf8ade635	11	2	1	1	1	0	0
515607a7402	7	53	51	2	2	1	0
7acdabbf500	21	2	1	1	1	0	0
962686b67b9	20	30	16	14	1	0	0
df3537102b9	14	3	2	1	1	0	0
c4def505cb3	19	149	77	72	4	0	0
0c5981b2263	9	30	17	13	1	0	0
4c0195e0340	12	61	16	45	4	0	0
610022851aa	12	47	47	0	5	1	0
808a968409b	11	6	3	3	0	0	0
0079e575e03	11	27	12	15	1	0	0
11895717449	11	6	3	3	0	0	0
ef4a35bca5c	22	22	15	7	4	0	0
91a0e52c03d	11	2	1	1	1	0	0
78fe7d0592c	17	3	3	0	1	0	0
a2d1cbef6ba	11	60	53	7	2	0	0
ceb8740a636	10	61	30	31	2	0	0
4234bcce486	0	40	36	4	2	0	0
ca363cf1ae9	21	173	64	109	6	0	0
5bc5210b923	10	7	2	5	1	0	0
5ef03bc3eed	10	57	33	24	1	0	0
9a3a0ccc502	8	9	8	1	1	0	0
56c5806da36	11	1	1	0	1	0	0
45885a1e8c3	9	37	36	1	2	1	0
527cae22ff8	9	16	8	8	1	0	0
ff1efdd6eea	12	1	0	1	1	0	0
51cdce8322b	12	112	71	41	1	0	0
9777890f5d9	15	2	1	1	1	0	0
406846fcc51	17	23	19	4	1	0	0
b011811a9ff	9	48	46	2	2	1	0
d97ea06d885	12	7	7	0	1	0	0
58729f1bcdc	17	5	2	3	1	0	0
f649626c6fa	9	70	49	21	1	0	0
9566fe82cdd	8	22	17	5	1	0	0
57231d5286b	4	58	58	0	3	0	0
6820054d2d4	10	23	23	0	1	0	0
b7f36e187d1	6	13	13	0	1	0	0
f311963ff94	0	2	1	1	1	0	0
994ce4c99fb	8	7	4	3	1	0	0
c79d5163e53	10	452	297	155	12	2	0
14687ebfc0e	14	552	52	500	19	0	2
75ea566f5ab	12	2	1	1	1	0	0
7ac23910c52	20	15	15	0	3	0	0
03738183c74	4	53	42	11	2	0	0
a0f79867dcc	3	27	27	0	2	1	0
7c554a5cd0f	10	10	7	3	1	0	0
9fad8e5dc44	12	6	3	3	3	0	0
204228b57f0	8	2302	1151	1151	14	7	7
b89b97ddedc	18	73	44	29	5	0	0
756b6222956	22	4218	2517	1701	45	4	0
81655a224a3	0	38	11	27	3	0	0
6df4741f840	19	6	4	2	1	0	0
b4b3a4deaff	18	138	69	69	2	1	1
7494c84fe6f	12	634	347	287	49	0	0
358c2901567	7	1	0	1	1	0	0
ed8d97f572f	22	2605	1407	1198	77	0	0
185c515c9fe	14	255	138	117	3	0	0
d6fb764cc2b	17	4	2	2	2	0	0
c5ed96a4b12	12	6	3	3	1	0	0
10ccbd501f8	21	1	0	1	1	0	0
bbed881ec41	21	103	5	98	2	0	1
4915884da69	9	103	98	5	2	1	0
a9eb96d0201	12	2	0	2	1	0	0
653f62a709c	12	46	25	21	4	0	0
8e596c4e15f	12	4	3	1	2	0	0
21911db392d	12	5	2	3	1	0	0
699f636d975	11	2	1	1	1	0	0
29d3624daed	19	53	53	0	2	1	0
8d567f43d01	14	30	14	16	1	0	0
556b890ad91	12	1	1	0	1	0	0
3a87b31bfa0	12	19	0	19	1	0	0
0523da64d2a	11	2	1	1	1	0	0
9fc006618ff	22	9	3	6	5	0	0
9ac75d1f06d	13	48	5	43	3	0	1
48976d29f4a	0	4	1	3	1	0	0
2891790dbdc	12	8	1	7	1	0	0
bc28acdd029	10	18	17	1	2	0	0
8d42c6344b7	1	39	30	9	2	0	0
3e25ed905cf	14	6	3	3	1	0	0
0c2960ef4ab	0	61	57	4	3	1	0
f55aca65154	14	2	2	0	1	0	0
ec548734cae	14	4	3	1	1	0	0
9475ee41ad3	14	9	8	1	1	0	0
a1ea8a27e6d	20	5	3	2	2	0	0
0aa13357d67	17	26	15	11	2	0	0
7a3f7780dc9	17	23	23	0	2	0	0
9c59978f495	14	13	8	5	1	0	0
98c54246c20	12	31	18	13	1	0	0
dce02a10557	21	2	1	1	1	0	0
2669966e767	21	121	67	54	4	0	0
d684f50acba	15	3	0	3	1	0	0
d2b80b8a60b	10	65	34	31	1	0	0
ffc5d83568c	9	9	5	4	2	0	0
d4ad5d1151d	21	48	24	24	2	0	0
4901353b982	21	345	174	171	2	0	0
624938d0529	20	2	0	2	1	0	0
5725864dfdc	18	88	38	50	4	0	0
e0a8e1bf77e	18	257	0	257	2	0	1
6cd7fd7d243	15	75	33	42	2	0	0
4ffa943c3f2	15	11	6	5	1	0	0
2b5b37a3abd	21	5	3	2	1	0	0
a20d565d9c4	0	8	6	2	1	0	0
f69be329f0d	14	15226	8426	6800	216	18	5
39aa894035f	13	14	8	6	0	0	0
c937f5b5874	9	32	18	14	0	0	0
52e47b24b37	11	433	217	216	0	0	0
d046e9d0330	11	6	6	0	0	0	0
c75251ced21	11	6	5	1	0	0	0
f9b7714b4b3	20	19	9	10	4	0	0
f548433195b	5	4	2	2	1	0	0
78f709d0d43	15	7	6	1	1	0	0
1449739de00	2	72	47	25	2	0	0
41ec6d0580d	0	61	57	4	3	1	0
f674b09f40d	19	1259	747	512	29	0	0
b9150344ac3	19	11	6	5	1	0	0
d24decb87ba	16	20	0	20	9	0	0
54a9ec4ef09	15	30	19	11	3	0	0
da5ad92ab22	15	156	84	72	3	0	0
4692b725dea	12	6	3	3	1	0	0
c079f6e2104	12	10	4	6	2	0	0
b8a7eedea32	15	7	3	4	1	0	0
45d056ee695	13	4	2	2	1	0	0
576496632c9	13	2	1	1	1	0	0
222e5239fc5	0	8	6	2	1	0	0
5383e758852	20	19	9	10	5	0	0
d4cc30f18c2	20	19	12	7	5	0	0
350fc8064e3	23	15	5	10	1	0	0
78d90945d6c	21	44	19	25	8	0	0
e772a7deaf8	11	2	1	1	1	0	0
9e1eb361e8d	14	4	3	1	1	0	0
98db7babccf	14	6	4	2	1	0	0
fc6f8a69438	12	50	46	4	2	1	0
a622bde9e62	10	10	6	4	0	0	0
1ef1be376c1	10	1	0	1	1	0	0
02cab974906	21	259	129	130	22	0	0
847c6d980c8	20	59	29	30	1	0	0
3398cce1934	3	157	93	64	1	0	0
6327d67be3a	12	64	52	12	2	0	0
dce26ccea16	12	12	12	0	2	0	0
2cd7adc7f44	19	16	14	2	3	0	0
3ff2cbc892c	21	617	516	101	25	1	0
4cc57b4aca6	18	61	29	32	2	0	0
8111ca2f9fd	19	174	89	85	3	0	0
71b3138925f	19	1	0	1	1	0	0
511af4dd5fb	19	26	14	12	4	0	0
2fc47ab10bd	15	14012	12319	1693	209	113	1
dc9acd4faeb	11	2	1	1	1	0	0
6bd922fce83	22	68	49	19	5	1	0
34b0a36120a	3	119	7	112	5	0	2
1bd711c8a09	19	25672	21645	4027	309	159	4
c13bfdc0913	14	8	8	0	2	0	0
8f571b52a74	17	4	0	4	1	0	0
e5233939be1	12	100	100	0	2	2	0
04f87de3da3	10	187	117	70	4	1	0
2b569deed32	9	1	0	1	1	0	0
4881a6a9a3b	22	2	1	1	1	0	0
015ec05272c	22	8	4	4	1	0	0
0de5b831e2e	21	4	4	0	1	0	0
e4363145bad	10	5	4	1	1	0	0
