Commit Id	Time	Total LOC	LOC added	LOC removed	Files affected	Files added	Files removed
ec11525d33f	21	3	3	0	1	0	0
3f987cd925d	21	4	3	1	1	0	0
b204006105e	2	6	5	1	2	0	0
4fb2ac5be1e	19	13	13	0	1	0	0
ebefe77bc09	6	10	5	5	1	0	0
d4379fcee3b	18	14	9	5	3	0	0
2dbb470ea10	4	16	7	9	1	0	0
3524f41a271	18	56	56	0	1	0	0
a6a04fb1ec8	18	67	67	0	1	1	0
b8f3e18a5d3	18	4	4	0	1	0	0
58cb0fa639e	21	4	3	1	1	0	0
bdb9d09aefb	20	2	1	1	1	0	0
95d530f2b4f	20	2	1	1	1	0	0
cafcc7e67a4	20	35	35	0	1	1	0
44574bc39b9	6	7	2	5	1	0	0
cf24f561a34	0	6	5	1	1	0	0
0c91a835ff7	17	44	35	9	2	1	0
8ec31a3362d	17	2	1	1	1	0	0
54b409d6508	15	44	35	9	2	1	0
72824d8d2da	15	1	1	0	1	0	0
b1be5409bd8	3	13	13	0	2	0	0
a9a252fda90	21	14	11	3	2	0	0
511f80b3c8f	9	1	1	0	1	0	0
9b1ff070e6d	9	50	37	13	3	1	0
6d15b163b09	20	15	8	7	2	0	0
69b8279d4bb	20	3	2	1	1	0	0
9f23fe11418	22	59	57	2	2	1	0
f3189ace6b5	22	42	0	42	1	0	0
0a5d8ca197c	22	18	12	6	3	0	0
d6bbb19f1d1	22	53	43	10	3	0	0
d307bebec4a	21	47	47	0	1	1	0
47abdd9c43a	19	47	47	0	1	1	0
0a01a42e872	2	51	50	1	2	1	0
e746bbdc2b7	6	2	0	2	1	0	0
8874a317484	2	84	84	0	2	0	0
9bc53d887ad	17	7	4	3	2	0	0
5bda2bed375	20	4	2	2	1	0	0
afabdf0e159	20	12	6	6	1	0	0
f31037ddfef	23	55	54	1	2	1	0
7196742852c	1	63	58	5	2	1	0
54fbb1da963	15	50	49	1	2	1	0
