Commit Id	Time	Total LOC	LOC added	LOC removed	Files affected	Files added	Files removed
bbf7e8ed5ee	5	67	67	0	2	1	0
a8f96d3314f	5	67	67	0	2	1	0
31918026056	4	103	77	26	3	0	0
ccd1304c5b8	4	11	11	0	1	0	0
1d961a66309	4	103	77	26	3	0	0
5330fea9540	4	11	11	0	1	0	0
293809b8b61	4	2	0	2	1	0	0
1aeaf8d2890	23	29	26	3	1	0	0
5c1ffa165f6	15	73	72	1	1	0	0
2134982ea4d	16	5	2	3	1	0	0
72e4a49cac6	6	56	47	9	1	0	0
1c9a85b9a65	9	243	229	14	2	0	0
e8c2453f6d5	18	6	3	3	1	0	0
