Commit Id	Time	Total LOC	LOC added	LOC removed	Files affected	Files added	Files removed	Commit Msg
e142fe2be6e	14	154	136	18	4	0	0	50
720675e7dbe	16	2	1	1	1	0	0	59
98c57c7c072	22	158	128	30	2	0	0	99
2b9e3fb1835	21	2	0	2	1	0	0	29
5921158cbe2	20	353	293	60	4	0	0	563
bf22f99f3a1	20	52	28	24	2	0	0	227
ec69fcf4256	18	36	26	10	1	0	0	41
7634069614e	20	52	28	24	2	0	0	227
fe7440ce19c	18	36	26	10	1	0	0	41
fe659a60179	17	4	2	2	1	0	0	66
8559a4ae0f0	20	2	1	1	1	0	0	25
0f747297580	0	2	1	1	0	0	0	46
cc15299c32b	17	378	283	95	6	2	1	279
b47ba2c431a	0	2	1	1	0	0	0	46
edea94c332f	17	67	62	5	2	0	0	47
7864bb9eb82	1	7	6	1	1	0	0	172
e5ed6b91f46	0	2	1	1	0	0	0	46
9fb088e3ab7	1	230	193	37	1	0	0	109
