Commit Id	Time	Total LOC	LOC added	LOC removed	Files affected	Files added	Files removed	Commit Msg
f013f15c891	11	8	4	4	1	0	0	27
2fe780b36c3	19	19	18	1	0	0	0	46
01432403afc	16	28	28	0	2	1	0	45
7161ecd31ba	9	2	1	1	1	0	0	51
943448772e9	19	48	43	5	2	0	0	50
e2126e05e7a	16	29	6	23	3	0	0	402
82bcdbb8aaa	10	2	2	0	1	0	0	46
1fc2c3823ce	10	4	2	2	2	0	0	60
66e12dbd696	16	3	2	1	1	0	0	49
f079c0bd9f3	22	48	32	16	1	0	0	67
