Commit Id	Time	Total LOC	LOC added	LOC removed	Files affected	Files added	Files removed	Commit Msg
e7604b1ea71	11	181	172	9	5	2	0	65
ff7fc093a14	23	2	1	1	1	0	0	46
ae91603dd7e	9	18	16	2	1	0	0	83
e530507cb1f	2	23	23	0	1	1	0	28
6aa92d52899	9	18	16	2	1	0	0	83
f76b65755f3	20	3	2	1	1	0	0	45
fd70d30a9cd	20	3	2	1	1	0	0	45
99e19aa398a	12	15	5	10	3	0	0	34
c735b4663ac	20	21	20	1	2	0	0	40
27f6a20fdb1	8	7	1	6	1	0	0	69
01035714a56	19	4	2	2	1	0	0	41
fc334b3a977	8	7	1	6	1	0	0	69
8e246acd0e8	19	4	2	2	1	0	0	41
