Commit Id	Time	Total LOC	LOC added	LOC removed	Files affected	Files added	Files removed	Commit Msg
cf89beec6f7	8	146	48	98	1	0	0	27
897208e06db	9	46	25	21	1	0	0	28
b869797a2de	10	17	5	12	1	0	0	344
f89a7185b7f	4	5	3	2	1	0	0	50
972465a3b05	12	16	7	9	1	0	0	39
24ba9fdec8c	10	110	54	56	1	0	0	27
488b74d68bc	8	14	14	0	1	0	0	47
bc764f3dffe	8	14	7	7	1	0	0	123
2ba96451a9b	15	33	22	11	2	0	0	27
839bf025a8c	9	140	65	75	7	0	0	240
a2fcc477725	14	70	70	0	1	1	0	35
483edbdf1ae	15	37	18	19	1	0	0	27
cacd651ec69	15	32	16	16	1	0	0	27
8abb73ef58c	9	40	19	21	1	0	0	27
