Commit Id	Time	Total LOC	LOC added	LOC removed	Files affected	Files added	Files removed	Commit Msg
c16963b977b	19	245	211	34	9	6	0	760
fbf46414624	14	25	14	11	1	0	0	329
43ec1b1c2e7	6	417	397	20	7	5	0	495
418c9bc6042	6	3	0	3	1	0	0	269
a32a243d5f9	6	198	175	23	6	3	0	575
5ddf7f42008	12	14	11	3	2	0	0	158
5db936d2aec	6	190	167	23	6	3	0	512
8c2ad47f42b	19	292	179	113	4	2	0	285
fd9e01c031a	19	2	1	1	1	0	0	179
74323a95a09	19	292	179	113	4	2	0	285
0602fbb49c1	7	10	10	0	1	0	0	44
