Commit Id	Time	Total LOC	LOC added	LOC removed	Files affected	Files added	Files removed	Commit Msg
fb7348ae060	19	194	190	4	9	1	0	45
db844b152a9	15	15	5	10	1	0	0	113
70005be4ffd	15	71	71	0	3	1	0	71
48d52d85c3e	23	89	89	0	2	1	0	45
44eb279ef81	15	106	56	50	2	0	0	81
249c3c165ab	16	124	62	62	12	0	0	152
253ec6a63dd	15	17	6	11	1	0	0	79
9b672bcaa2e	9	89	88	1	3	2	0	71
b72d43cbf91	14	34	33	1	2	1	0	52
578ba76e6c0	16	5	3	2	2	0	0	41
