Commit Id	Time	Total LOC	LOC added	LOC removed	Files affected	Files added	Files removed	Commit Msg
42a369620ff	17	36	30	6	2	1	0	47
fe838611f6d	0	61	53	8	2	0	0	59
b8eee9c6f00	17	19	15	4	2	0	0	35
893ebe72305	17	19	15	4	2	0	0	35
e8795cea304	17	10	10	0	1	0	0	22
a8e1e8d057a	17	12	11	1	1	0	0	31
e15221a8dee	17	6	5	1	1	0	0	261
45948e054d1	14	228	209	19	4	1	0	67
9c6263bff8b	1	22	15	7	1	0	0	57
a650138ebf9	16	4	1	3	1	0	0	28
f3b0cefd0b1	2	15	6	9	1	0	0	148
501b4a54be5	0	2	1	1	1	0	0	178
ed7fb149a20	22	41	40	1	3	2	0	134
26bfb6bea45	0	132	68	64	1	0	0	32
