Commit Id	Time	Total LOC	LOC added	LOC removed	Files affected	Files added	Files removed	Commit Msg
a363f61ca83	21	14	12	2	1	0	0	243
1b81ea82767	22	4	2	2	1	0	0	23
52795f8fcc2	21	38	34	4	1	0	0	560
6a90a060023	0	1037	535	502	3	0	0	326
28ae70ebad8	23	35920	23901	12019	752	253	85	23
293f036bd4f	22	6	4	2	0	0	0	40
54206e32a6c	21	8	1	7	1	0	0	108
ea69dd7584a	19	4	2	2	1	0	0	23
69080f54743	19	7	6	1	1	0	0	160
b9283cf9d17	17	187	167	20	3	1	0	202
fe2e8a4a24c	0	28	26	2	1	0	0	717
35443862a23	23	204	160	44	8	0	0	23
6c8593d4568	22	34	22	12	2	0	0	46
226c98649df	22	20	20	0	1	0	0	31
b259f245f87	22	2	1	1	0	0	0	26
c77fd4a03ef	20	17	8	9	1	0	0	47
3859fbdb7df	1	10	7	3	1	0	0	234
2afa3d8a03f	1	8	7	1	1	0	0	221
d601c76f4d7	20	306	299	7	10	4	0	353
c1f4aacc75c	21	12	6	6	0	0	0	46
641cea09269	20	15	12	3	1	0	0	33
2b7c8a2f02c	18	12	10	2	3	0	0	40
8e4fc88c797	0	4	2	2	1	0	0	23
fd896d5acfe	21	171	170	1	1	0	0	4971
9fad8958df6	21	28323	15783	12540	579	150	42	27
902090af537	21	171	170	1	1	0	0	4971
edadbd6819d	21	28323	15783	12540	579	150	42	27
f773fb41cc2	21	5	5	0	1	0	0	140
84952da2419	23	4	2	2	1	0	0	23
0fe0d121551	22	23	21	2	1	0	0	438
daca803e9e3	22	31166	21095	10071	496	124	47	22
adf2cfd54da	22	4	2	2	1	0	0	23
7fabdc23d84	15	25	23	2	1	0	0	395
6a11bfe74bc	15	2662	1999	663	178	24	3	23
92598e8f2b5	19	4	2	2	1	0	0	29
53b4accb6e5	20	9	8	1	1	0	0	154
8fd350e3575	18	4	2	2	1	0	0	22
643a21c0976	18	2	1	1	1	0	0	219
4f2b08c523c	18	6	3	3	2	0	0	23
0c766cbdfe2	17	9	7	2	1	0	0	105
bc0ff830aff	17	44	42	2	1	0	0	912
71698798796	16	135	125	10	9	1	0	24
1223cafea64	16	9386	6801	2585	419	61	6	24
e22ea56647b	0	2	1	1	0	0	0	63
d5edd687944	15	4	2	2	1	0	0	22
361aa5344d6	21	4	2	2	1	0	0	219
f6ba61bd154	15	6	0	6	1	0	0	49
a69205346b0	19	4	2	2	0	0	0	39
eeb08ca496c	18	22	20	2	1	0	0	581
1cb6f1a46ad	17	4	2	2	1	0	0	23
ce82d6b8474	17	36	34	2	1	0	0	901
e9170cbc3d3	22	46	28	18	1	0	0	208
f051f317905	22	6657	4182	2475	351	49	3	24
535c7777ac6	0	226	158	68	10	1	0	131
f82652e68ee	17	27	18	9	12	0	0	24
650d1355a58	16	5447	3320	2127	212	2	0	26
15f0e0a5967	0	235	166	69	11	1	0	131
654267609b5	0	12	4	8	1	0	0	43
1bbb3cc00d2	19	4	2	2	1	0	0	26
58cc3622516	21	24	8	16	1	0	0	297
41d8e10f0d7	17	13	12	1	1	0	0	254
9479399d3b4	15	2	1	1	1	0	0	166
a6583ebd113	14	4	2	2	1	0	0	23
bfe1fdb8ab5	14	4	2	2	1	0	0	23
b148cbe09d4	0	9	7	2	1	0	0	63
89223ae860f	23	73	71	2	1	0	0	1641
1285008fcaa	22	4	2	2	1	0	0	23
cb7911f78ae	21	44	42	2	1	0	0	804
1038959dbf7	16	262	236	26	13	0	0	23
7b72e156655	16	4	3	1	1	0	0	131
632c1356222	20	11	4	7	1	0	0	1550
af69f88a9d5	16	2	1	1	0	0	0	45
ee4b9b552de	17	58	27	31	1	0	0	45
9bd934cb961	14	4	2	2	1	0	0	23
7d6b8db40f3	21	6	6	0	1	0	0	48
0c2e28d68ff	20	76	74	2	1	0	0	1962
e2fcfea46e3	0	25	8	17	2	0	0	213
e92d35d80be	0	1300	942	358	44	1	0	24
a18c9b7dde2	21	6	4	2	1	0	0	257
06453a94a7b	0	41	38	3	4	1	0	344
afc29ed397f	23	23	16	7	1	0	0	228
cd08c8a0e5e	2	2655	2267	388	66	6	0	24
98a0909da05	21	2	2	0	1	0	0	117
67dfcd55be6	19	4	2	2	1	0	0	156
bfc823de905	19	9	4	5	4	0	0	33
fa0ac99541f	4	2	1	1	0	0	0	22
581b8585eb9	4	6	3	3	0	0	0	39
407e295f435	3	115811	115322	489	211	204	0	29
d2952cce363	3	65	46	19	1	0	0	39
de56ffa58b0	2	32	26	6	2	0	0	132
265fdc8e91b	1	11	10	1	1	0	0	119
78a854f8721	1	116	58	58	2	1	1	218
95bb347d6ca	0	4	2	2	1	0	0	224
3a3b7488b58	0	10	8	2	1	0	0	131
e324717f8da	0	48	0	48	1	0	1	189
af1418325ba	18	224	129	95	5	0	0	233
085db9dd6c1	2	22	11	11	1	0	0	47
ae418f974d7	0	4	2	2	1	0	0	24
cc56c62ed87	23	0	0	0	3	3	0	99
31c510ca882	22	41	39	2	1	0	0	725
3e6e63406d0	21	7	5	2	1	0	0	43
c2aea3747da	21	156	143	13	9	1	0	24
937e2e351b2	0	43	29	14	4	0	0	192
59baab27769	1	154	147	7	4	2	0	216
e5eadcfa199	4	3	0	3	1	0	0	188
c0d73e6de1b	0	2	1	1	1	0	0	37
a4436bab7b8	3	33	32	1	2	1	0	61
86b8d848114	19	448	448	0	1	1	0	132
37376debe54	23	24341	3	24338	318	0	332	173
e8df2676748	20	767	687	80	6	4	0	269
297fee70b97	20	749	669	80	6	4	0	341
5c832e44c3c	16	32	23	9	5	0	0	148
e3d83590216	19	4	2	2	1	0	0	34
1d2fab37e61	21	63	63	0	3	1	0	30
c8c26f12e44	17	22	11	11	1	0	0	193
a98d5417333	3	106	106	0	1	1	0	24
e63268e433f	3	4	2	2	1	0	0	23
b46e7742158	1	61	60	1	1	0	0	1457
95b8a75d5e4	1	104	92	12	5	2	0	26
ab54e32bbd5	22	19	11	8	1	0	0	209
114bff467eb	2	2	1	1	1	0	0	50
2f5e77f55bb	2	15	13	2	1	0	0	211
cd2d3aedaab	1	10	7	3	1	0	0	182
d0d4719e472	17	5	3	2	1	0	0	174
5aebc735258	19	72	72	0	1	1	0	24
eb7c7be7da4	19	4	2	2	1	0	0	23
b0e5f195dfc	5	37	19	18	1	0	0	21
bc2f31ae1d0	5	29	27	2	1	0	0	471
8b7ec733317	4	168	147	21	6	0	0	24
574f71444c0	1	1696	856	840	20	10	9	42
6cc95b06eae	1	671	152	519	5	1	0	37
1d57a5caa4d	22	52	52	0	1	1	0	34
dcd5224e1f2	1	1696	856	840	20	10	9	42
be3aaeb0e9f	1	671	152	519	5	1	0	37
8753bb38596	18	7	5	2	1	0	0	186
270c2deb84b	21	41	40	1	2	1	0	174
30b3bc2f7ce	22	121	115	6	10	1	0	24
aa56d9d3540	0	106	106	0	1	1	0	24
c3e26d64f89	0	4	2	2	1	0	0	23
66931791f06	23	63	62	1	1	0	0	1493
5ce4f3ec3d8	23	3	2	1	2	0	0	26
ffb718b5a36	22	12	7	5	1	0	0	40
6f8aa24d1ee	19	37	20	17	1	0	0	50
8590f810a53	18	357	299	58	22	2	0	24
f84c7a27765	17	68	68	0	1	1	0	24
00e28ee6a8d	17	4	2	2	1	0	0	23
b7fd6bc899c	23	19	17	2	1	0	0	310
9371be0aa15	23	19	15	4	2	0	0	24
32478acf94e	21	36	36	0	1	0	0	158
7dca8d714f4	6	86	86	0	1	1	0	24
bb1575b4c4d	6	4	2	2	1	0	0	23
0462bc23564	5	46	44	2	1	0	0	894
910bc3c02d9	4	202	156	46	14	1	0	21
4ec189b2501	4	1904	1785	119	15	1	0	23
92bbd60a3ff	18	2	1	1	1	0	0	60
f9f9239fa2f	19	4	3	1	0	0	0	46
2905884b63e	5	2	1	1	0	0	0	320
b5e161989cc	4	22	13	9	0	0	0	192
6877e64fa8e	2	10	9	1	2	0	0	229
a34bbaf31bd	0	92	92	0	1	1	0	23
1a7d3e2b72a	0	4	2	2	1	0	0	23
dcfd032bdd6	0	46	45	1	1	0	0	1107
40d5e9074a0	16	9	8	1	1	0	0	245
1fef66ffd4c	16	3562	3117	445	52	16	2	24
b73967e9a0c	23	789	522	267	29	4	0	25
ac9cf002524	20	74	74	0	1	1	0	24
9142dc676fd	20	4	2	2	1	0	0	23
cbff8f091c2	20	28	26	2	1	0	0	571
16934d92105	19	13	13	0	2	0	0	598
ac799ba0afa	18	763	627	136	19	3	1	24
20109853544	23	4554	2320	2234	35	6	5	23
9f7f9d12404	16	96	96	0	1	1	0	23
f8d86e24f34	0	53	52	1	1	0	0	1106
74a664b22f2	23	22	13	9	1	0	0	39
a35a212f258	23	1979	1394	585	76	3	0	24
bae4c907bca	15	4	2	2	1	0	0	22
a53c763c16e	22	53765	28027	25738	436	48	23	22
028e524bce9	22	71	71	0	1	1	0	24
2649ae83958	22	71	71	0	1	1	0	23
85b2aaea3d6	22	4	2	2	1	0	0	23
23c608ad409	21	4	2	2	1	0	0	22
e2da042844a	21	19	17	2	1	0	0	367
5e41c022af7	21	84	84	0	2	1	0	191
8fc48bcf4ca	20	839	300	539	8	0	0	24
6d391bbbe18	17	4	2	2	0	0	0	17
4421bebc363	17	21	19	2	1	0	0	472
c421a5e66b6	15	89	89	0	2	1	0	191
f051b8919fe	18	11	11	0	1	0	0	51
826661f33a0	18	11	11	0	1	0	0	51
ab037455094	0	13	13	0	1	0	0	51
711ec07d340	17	29	23	6	3	0	0	26
a63079f34cd	22	59	59	0	1	1	0	24
d537992d57b	22	4	2	2	1	0	0	23
d7234c8d50a	20	10	8	2	1	0	0	137
eb091458c0f	17	27	27	0	1	1	0	36
85898d19671	16	603	551	52	20	3	0	39
cfa03ad2e34	22	20	20	0	1	0	0	47
9135c7fea87	22	50	50	0	1	1	0	24
093efafce30	22	4	2	2	1	0	0	23
6b5e6a5a3ec	21	22	20	2	1	0	0	425
55546f55d44	20	51	32	19	3	0	0	24
8b05206665a	22	92	92	0	1	1	0	23
5b1a0e6ef8f	22	4	2	2	1	0	0	22
be52549bfa5	21	44	42	2	1	0	0	1134
9c19c1e19c8	18	62	62	0	1	1	0	24
65ed79a6dc9	18	4	2	2	1	0	0	23
67a1f0c52e0	17	13	11	2	1	0	0	194
93b062468b2	18	34	34	0	2	1	0	361
546ae2eef90	1	16	13	3	3	0	0	168
2769d97e67c	1	59	57	2	2	1	0	36
3f1dba18b24	23	81	80	1	2	1	0	48
92e43751731	23	19	19	0	1	1	0	41
1d27987dab2	23	92	92	0	1	1	0	24
3c66b157892	23	4	2	2	1	0	0	23
469a4a5091a	22	24	22	2	1	0	0	407
e445fbda1f7	21	15	12	3	2	0	0	21
985695e4d6a	21	110	110	0	1	1	0	14
3602d4c23bd	21	4	2	2	1	0	0	22
04018d4b393	20	70	68	2	1	0	0	1585
a784abaff63	18	793	519	274	27	1	0	23
41f55dc59b4	17	7	6	1	1	0	0	51
b1acb2ebd6e	0	88	88	0	1	1	0	23
536037369e5	0	4	2	2	1	0	0	22
6f92da2dd10	21	47	45	2	1	0	0	938
fa8efa98de8	21	119	113	6	11	1	0	23
032373df7fb	21	2	1	1	1	0	0	46
e851fef60f5	20	5132	5132	0	7	6	0	157
2426d65af86	23	9	7	2	1	0	0	95
0256edc43eb	20	72	72	0	1	1	0	24
90c448de239	20	4	2	2	1	0	0	23
fdf57f811f9	18	26	23	3	1	0	0	434
5c81f41e709	17	35	21	14	5	0	0	24
180f9871476	0	58	58	0	1	1	0	24
33267337fac	0	4	2	2	1	0	0	23
875dd37a93b	0	4	2	2	1	0	0	37
c898704db18	22	2	1	1	1	0	0	44
81c2a364395	22	4	2	2	1	0	0	22
21dd5f4ea90	22	88	88	0	1	1	0	22
b5b84197ed0	20	38	37	1	0	0	0	893
f88b8dad84c	23	64	59	5	2	1	0	45
f1bb5dca858	21	76	76	0	1	1	0	24
8a7e2b9da69	21	4	2	2	1	0	0	21
e32660a9844	20	28	27	1	1	0	0	620
5b6464f461f	20	4	2	2	0	0	0	41
91698f77e52	22	7	5	2	1	0	0	333
2fc34d75d96	5	3	2	1	1	0	0	50
fe176929c29	1	4	2	2	1	0	0	51
4c38742dd8a	21	19	15	4	1	0	0	265
6f8ddf37595	21	19	15	4	1	0	0	265
a2c4ca09ed8	0	4	2	2	1	0	0	36
c0281f1b308	17	10	5	5	2	0	0	92
f1b878cafa3	0	29	28	1	0	2	0	23
007e63bb13b	23	17	16	1	2	0	0	162
e2385839d7b	20	79	48	31	10	0	0	30
dbe142c4eda	20	2	1	1	1	0	0	167
279361b2772	20	98	49	49	13	0	0	23
17e696c3122	3	180	180	0	2	1	0	172
23509eb9e8d	2	127	10	117	4	0	1	46
f8193ab3c46	18	21	16	5	3	0	0	212
a846d9388cb	22	61	54	7	2	1	0	51
f46ad012bc5	22	108	108	0	1	0	0	280
f0d80d7db0d	23	9	6	3	1	0	0	38
8886c6bf624	19	235	235	0	4	1	0	267
72c58158f7a	23	11	5	6	1	0	0	162
cf87ee67eed	22	15	10	5	1	0	0	49
56492de5b9b	22	17	11	6	1	0	0	49
ee4f0baeac8	18	11	9	2	1	0	0	43
716176fa997	18	11	9	2	1	0	0	43
a90dc41df2a	18	8	6	2	1	0	0	50
5037f9a5f4f	20	16	8	8	0	0	0	217
76cbd039b93	20	8	4	4	0	0	0	217
85e4fc43060	17	4	4	0	0	0	0	109
39dfe946820	22	2	1	1	1	0	0	110
951e0b69fa3	23	961	500	461	4	1	0	40
6717fdccb4a	23	904	475	429	5	1	0	41
dc9f97b7b99	22	1280	666	614	4	1	0	46
bb56489f21d	22	393	213	180	3	1	0	40
5909a9c9bdd	22	337	184	153	3	1	0	45
62e4f897655	21	290	160	130	3	1	0	36
9f65b1edf7b	3	40	26	14	2	0	0	253
aca31e37f7b	23	42	23	19	2	0	0	173
b3a8e0da4ab	3	40	26	14	2	0	0	253
aa5da48594c	23	42	23	19	2	0	0	173
fb6dd0c0b5a	23	2	1	1	1	0	0	189
51f128d64b2	20	32	17	15	4	0	0	253
4432dc81879	23	22	14	8	1	0	0	183
f9ba9f7badf	19	12	7	5	1	0	0	51
0b70a14abf9	6	2	1	1	1	0	0	113
f0f87d8afb9	0	6	6	0	1	0	0	45
d032ff49548	19	4	2	2	1	0	0	85
17a812618d6	6	2	1	1	1	0	0	50
8fe72a7f27a	6	12	8	4	0	0	0	48
9d45b945f79	4	28	27	1	1	0	0	103
14ed1732cee	4	28	27	1	1	0	0	40
02dffb063e4	14	3	3	0	1	0	0	42
0f3ddad0fc9	18	1	0	1	1	0	0	38
ac047166f6f	18	8	8	0	0	0	0	58
d264b230775	18	3	2	1	1	0	0	49
d3135e0f57f	20	12	9	3	0	0	0	48
320ae691d8e	22	61	61	0	2	1	0	50
382f22f2295	2	153	153	0	5	1	0	31
edd3de8feae	16	84	68	16	4	1	0	42
77945d7f0fa	19	224	224	0	5	5	0	45
bdd1a740cb5	19	53	53	0	3	0	0	47
cd6122edebe	2	42	37	5	1	0	0	35
2637b5c2610	1	34	34	0	2	0	0	49
19d43f852e3	1	9	9	0	4	0	0	50
