Commit Id	Time	Total LOC	LOC added	LOC removed	Files affected	Files added	Files removed	Commit Msg
fc334b3a977	8	7	1	6	1	0	0	9
01035714a56	19	4	2	2	1	0	0	5
27f6a20fdb1	8	7	1	6	1	0	0	9
c735b4663ac	20	21	20	1	2	0	0	6
99e19aa398a	12	15	5	10	3	0	0	4
fd70d30a9cd	20	3	2	1	1	0	0	8
f76b65755f3	20	3	2	1	1	0	0	8
6aa92d52899	9	18	16	2	1	0	0	7
e530507cb1f	2	23	23	0	1	1	0	5
ae91603dd7e	9	18	16	2	1	0	0	7
ff7fc093a14	23	2	1	1	1	0	0	5
e7604b1ea71	11	181	172	9	5	2	0	6
e35b2d96174	7	6	3	3	1	0	0	6
